

start: Finding maximum spanning tree
 Time reqd for Finding maximum spanning tree = 0.065464


start: Naive Dijkstra's approach
 Time reqd for Naive Dijkstra's approach = 0.08918
470 1187 1901 1517 859 686 662 133 1408 3963 1525 881 1032 834 3349 893 1417 3093 2993 2835 3378 176 1342 286 492 2654 3439 865 3536 4893 2744 4163 318 3172 4675 538 368 233 911 1347 3094 630 1083 737 430 1765 1294 478 2049 773 1757 551 1486 829 1948 2239 682 1781 1419 1440 1534 1927 632 1987 1040 873 2079 2090 1411 940 1522 1707 437 864 1636 2274 1002 452 2188 2065 4978 2258 3519 1388 1207 2826 499 934 3086 3857 2512 1681 2240 85 1270 1419 1781 682 400 117 2472 724 3046 2145 2235 1158 478 1294 2391 798 2386 1056 3466 22 4582 1525 881 1032 834 3349 893 1417 3093 2993 2835 3378 176 1342 2042 3182 2089 3027 2490 3813 4672 2382 2539 352 3155 3436 1195 1723 1706 3893 181 980 3184 4762 115 710 1906 3890 1523 4236 4744 1769 1086 1647 1888 350 616 788 1509 2343 1982 637 910 1743 1446 1714 265 1551 133 1408 343 1039 655 362 581 1004 2377 1707 1522 2133 78 1608 661 2585 2534 2317 1866 3404 3444 1862 1623 1643 3650 3466 22 4582 1525 881 1032 834 3349 893 1417 3093 2993 2835 1262 3967 3252 899 2656 4507 648 1554 3543 4031 2884 959 4045 4210 3812 1073 2837 855 1613 2800 1088 44 410 2580 4718 4576 4518 723 3113 2672 2881 4552 4096 511 2014 1218 4037 1818 2631 1187 1901 1517 859 686 662 133 1408 3963 1525 881 3877 4517 3106 4510 1591 2953 4711 4388 3103 1130 715 2077 865 3439 2654 492 286 1342 2042 3182 2089 3027 2490 79 3146 2913 1356 507 1643 3650 3466 798 449 3329 1043 3246 3189 1873 3420 1571 599 2420 1120 2159 422 768 2690 3649 2361 1375 2514 1395 3944 544 3566 2582 2838 483 2951 557 2646 3502 2782 4314 2329 1941 367 1353 2387 486 3047 2518 3605 3058 3217 689 3615 1934 244 2267 4804 3778 3186 1302 2467 3891 3475 1347 3094 4403 1375 2361 3649 2690 768 422 2159 1120 2420 599 1571 3420 1873 3189 3246 1043 3329 449 798 3466 3650 1643 507 1356 2913 3146 79 1418 2819 2205 3318 1239 4266 2588 3878 1924 2565 209 1369 2018 993 1378 4095 4111 3239 1909 391 1050 475 3318 2205 2819 1418 2491 1158 478 1294 2391 798 2386 885 1134 1370 68 144 2711 1290 622 1152 2472 117 400 682 2239 1948 2242 2403 2223 1552 1786 288 1534 1927 2126 783 851 2213 499 2826 1207 1635 2441 1093 775 342 1104 2609 379 412 470 1187 1901 1517 859 686 662 133 1408 856 43 2555 2988 2216 28 2006 2565 209 1369 2018 993 1378 4095 4111 3239 1909 3730 3741 4844 1005 3235 1991 3107 1482 3235 3977 3243 2577 1561 852 1175 663 2967 1703 1173 2505 715 1829 1892 2162 330 1598 1447 191 1287 2499 185 617 2231 1851 835 1798 1378 169 1087 1486 477 648 1033 1903 2378 2835 756 2096 2113 3348 2203 2048 4464 
772


start: Dijkstra's Heap approach
 Time reqd for Dijkstra's Heap approach = 0.001749
470 1187 1901 2673 1291 4091 1551 265 1714 3768 155 1730 1172 3756 3213 4987 4290 1262 2835 3378 176 1342 286 492 2654 3439 865 3536 4893 2744 4163 318 3172 4675 538 368 4335 2484 2888 2128 890 4193 88 1215 832 2188 2065 4978 2258 3519 1388 1207 2500 4279 22 3466 798 2386 1056 3466 22 4582 1525 881 1032 834 3349 893 1417 3093 2993 2835 3378 176 1342 2042 3182 2089 3027 2490 3813 4672 2382 2539 352 3155 3436 1195 1723 1706 3893 181 980 3184 4762 115 710 1906 3890 1523 4236 4744 1769 2399 4610 849 1898 4208 3139 3689 1910 3348 4572 3961 2934 4735 854 3649 2690 4205 510 2994 3473 3008 1506 2147 3530 3826 2324 120 3169 2011 362 1531 4501 1502 4316 2809 1670 2585 2534 2317 1866 3404 3444 1862 1623 1643 3650 3466 22 4582 1525 3963 1408 133 662 686 859 1517 1901 2673 1291 4091 1551 265 1714 1686 3784 347 4290 1262 3967 3252 899 2656 4507 648 1554 4591 2884 959 4045 4210 3812 1073 2837 855 1613 2800 1088 44 410 2580 4718 4576 4518 723 3113 2672 2881 4552 4096 511 2014 1218 4037 1818 2631 1187 1901 1517 859 686 662 133 1408 3963 1525 881 3877 4517 3106 4510 1591 2953 4711 4388 3103 1130 715 2077 1547 4502 2378 1008 2746 3129 3548 3802 4456 861 1968 4346 637 910 1743 4427 389 372 4568 2175 3755 3985 676 495 4059 3203 465 920 3251 41 4591 2884 4031 600 4291 2917 4032 2647 2487 395 32 4266 2588 3878 1924 2565 209 1369 1277 4314 2329 1941 367 1353 2387 486 3047 2518 3605 3058 3217 689 3615 1934 244 2267 4804 3778 3186 1302 2467 3891 3475 1347 3094 4403 1375 2361 3649 854 4735 2934 3026 4784 2191 1992 2784 2190 4160 712 753 524 4319 2950 1041 625 2307 1924 2565 209 1369 2018 993 1378 4095 4111 3239 1909 391 1050 475 3318 1239 2076 3662 2132 4491 2437 4367 4354 108 1273 4648 2500 4279 22 3466 798 2391 1787 3140 2918 4153 3011 291 2178 3222 2726 211 79 3146 2187 464 3670 1175 2832 3054 4083 3633 645 3482 306 2442 811 4992 2803 982 266 3156 2018 993 1378 4095 4111 3239 1909 3730 3741 4844 1005 3235 1991 3107 1482 3235 3977 3243 2577 1561 151 1751 300 250 2609 738 2517 2494 333 2242 782 4149 4175 3646 2613 2105 407 192 4992 4752 761 2428 1455 1199 4464 
772


start: Kruskal spanning tree approach
 Time reqd for Kruskal spanning tree approach = 0.011177
1991 3107 1482 2815 933 4066 2586 3506 2552 2920 1569 2300 1722 2980 2037 303 216 2252 4461 4149 782 523 4365 3875 591 1288 2382 1964 1994 463 1589 3746 2751 1426 3205 1782 3897 2048 4464 
772






start: Naive Dijkstra's approach
 Time reqd for Naive Dijkstra's approach = 0.001747
470 1187 1901 1517 859 686 662 133 1408 3963 1525 881 1032 834 3349 893 1417 3093 2993 2835 3378 176 1342 286 492 2654 3439 865 3536 4893 2744 4163 318 3172 4675 538 368 233 911 1347 3094 630 1083 737 430 1765 1294 478 2049 773 1757 551 1486 829 1948 2239 682 1781 1419 1440 1534 1927 632 1987 1040 873 2079 2090 1411 940 1522 1707 437 864 1636 2274 1002 452 2188 2065 4978 2258 3519 1388 1207 2826 499 934 3086 3857 2512 1681 2240 85 1270 1419 1781 682 400 117 2472 724 3046 2145 2235 1158 478 1294 2391 798 2386 1056 3466 22 4582 1525 881 1032 834 3349 893 1417 3093 2993 2835 3378 176 1342 2042 3182 2089 3027 2490 3813 4672 2382 2539 352 3155 3436 1195 1723 1706 3893 181 980 3184 4762 115 710 1906 3890 1523 4236 4744 1769 1086 1647 1888 350 616 788 1509 2343 1982 637 910 1743 1446 1714 265 1551 133 1408 343 1039 655 362 581 1004 2377 1707 1522 2133 78 1608 661 2585 2534 2317 1866 3404 3444 1862 1623 1643 3650 3466 22 4582 1525 881 1032 834 3349 893 1417 3093 2993 2835 1262 3967 3252 899 2656 4507 648 1554 3543 4031 2884 959 4045 4210 3812 1073 2837 855 1613 2800 1088 44 410 2580 4718 4576 4518 723 3113 2672 2881 4552 4096 511 2014 1218 4037 1818 2631 1187 1901 1517 859 686 662 133 1408 3963 1525 881 3877 4517 3106 4510 1591 2953 4711 4388 3103 1130 715 2077 865 3439 2654 492 286 1342 2042 3182 2089 3027 2490 79 3146 2913 1356 507 1643 3650 3466 798 449 3329 1043 3246 3189 1873 3420 1571 599 2420 1120 2159 422 768 2690 3649 2361 1375 2514 1395 3944 544 3566 2582 2838 483 2951 557 2646 3502 2782 4314 2329 1941 367 1353 2387 486 3047 2518 3605 3058 3217 689 3615 1934 244 2267 4804 3778 3186 1302 2467 3891 3475 1347 3094 4403 1375 2361 3649 2690 768 422 2159 1120 2420 599 1571 3420 1873 3189 3246 1043 3329 449 798 3466 3650 1643 507 1356 2913 3146 79 1418 2819 2205 3318 1239 4266 2588 3878 1924 2565 209 1369 2018 993 1378 4095 4111 3239 1909 391 1050 475 3318 2205 2819 1418 2491 1158 478 1294 2391 798 2386 885 1134 1370 68 144 2711 1290 622 1152 2472 117 400 682 2239 1948 2242 2403 2223 1552 1786 288 1534 1927 2126 783 851 2213 499 2826 1207 1635 2441 1093 775 342 1104 2609 379 412 470 1187 1901 1517 859 686 662 133 1408 856 43 2555 2988 2216 28 2006 2565 209 1369 2018 993 1378 4095 4111 3239 1909 3730 3741 4844 1005 3235 1991 3107 1482 3235 3977 3243 2577 1561 852 1175 663 2967 1703 1173 2505 715 1829 1892 2162 330 1598 1447 191 1287 2499 185 617 2231 1851 835 1798 1378 169 1087 1486 477 648 1033 1903 2378 2835 756 2096 2113 3348 2203 2048 4464 1056 1809 2105 407 192 2466 416 442 1092 629 2163 
786


start: Dijkstra's Heap approach
 Time reqd for Dijkstra's Heap approach = 0.005602
470 1187 1901 2673 1291 4091 1551 265 1714 3768 155 1730 1172 3756 3213 4987 4290 1262 2835 3378 176 1342 286 492 2654 3439 865 3536 4893 2744 4163 318 3172 4675 538 368 4335 2484 2888 2128 890 4193 88 1215 832 2188 2065 4978 2258 3519 1388 1207 2500 4279 22 3466 798 2386 1056 3466 22 4582 1525 881 1032 834 3349 893 1417 3093 2993 2835 3378 176 1342 2042 3182 2089 3027 2490 3813 4672 2382 2539 352 3155 3436 1195 1723 1706 3893 181 980 3184 4762 115 710 1906 3890 1523 4236 4744 1769 2399 4610 849 1898 4208 3139 3689 1910 3348 4572 3961 2934 4735 854 3649 2690 4205 510 2994 3473 3008 1506 2147 3530 3826 2324 120 3169 2011 362 1531 4501 1502 4316 2809 1670 2585 2534 2317 1866 3404 3444 1862 1623 1643 3650 3466 22 4582 1525 3963 1408 133 662 686 859 1517 1901 2673 1291 4091 1551 265 1714 1686 3784 347 4290 1262 3967 3252 899 2656 4507 648 1554 4591 2884 959 4045 4210 3812 1073 2837 855 1613 2800 1088 44 410 2580 4718 4576 4518 723 3113 2672 2881 4552 4096 511 2014 1218 4037 1818 2631 1187 1901 1517 859 686 662 133 1408 3963 1525 881 3877 4517 3106 4510 1591 2953 4711 4388 3103 1130 715 2077 1547 4502 2378 1008 2746 3129 3548 3802 4456 861 1968 4346 637 910 1743 4427 389 372 4568 2175 3755 3985 676 495 4059 3203 465 920 3251 41 4591 2884 4031 600 4291 2917 4032 2647 2487 395 32 4266 2588 3878 1924 2565 209 1369 1277 4314 2329 1941 367 1353 2387 486 3047 2518 3605 3058 3217 689 3615 1934 244 2267 4804 3778 3186 1302 2467 3891 3475 1347 3094 4403 1375 2361 3649 854 4735 2934 3026 4784 2191 1992 2784 2190 4160 712 753 524 4319 2950 1041 625 2307 1924 2565 209 1369 2018 993 1378 4095 4111 3239 1909 391 1050 475 3318 1239 2076 3662 2132 4491 2437 4367 4354 108 1273 4648 2500 4279 22 3466 798 2391 1787 3140 2918 4153 3011 291 2178 3222 2726 211 79 3146 2187 464 3670 1175 2832 3054 4083 3633 645 3482 306 2442 811 4992 2803 982 266 3156 2018 993 1378 4095 4111 3239 1909 3730 3741 4844 1005 3235 1991 3107 1482 3235 3977 3243 2577 1561 151 1751 300 250 2609 738 2517 2494 333 2242 782 4149 4175 3646 2613 2105 407 192 4992 4752 761 2428 1455 1199 4464 1056 1809 2105 2613 3646 4175 4149 4461 4905 966 2258 1505 2547 2780 4381 3863 2135 4836 2385 1760 3608 4916 1244 2584 1778 644 4875 1171 2992 984 1308 2273 3080 1601 3774 1079 629 2163 
786


start: Kruskal spanning tree approach
 Time reqd for Kruskal spanning tree approach = 0.010607
1056 1809 2105 2613 3646 4175 4149 782 859 1780 4454 2524 4649 949 4608 4485 3974 4675 1179 616 4080 4552 4126 254 4602 1548 176 1053 697 3210 1652 2163 
786






start: Naive Dijkstra's approach
 Time reqd for Naive Dijkstra's approach = 0.030852
470 1187 1901 1517 859 686 662 133 1408 3963 1525 881 1032 834 3349 893 1417 3093 2993 2835 3378 176 1342 286 492 2654 3439 865 3536 4893 2744 4163 318 3172 4675 538 368 233 911 1347 3094 630 1083 737 430 1765 1294 478 2049 773 1757 551 1486 829 1948 2239 682 1781 1419 1440 1534 1927 632 1987 1040 873 2079 2090 1411 940 1522 1707 437 864 1636 2274 1002 452 2188 2065 4978 2258 3519 1388 1207 2826 499 934 3086 3857 2512 1681 2240 85 1270 1419 1781 682 400 117 2472 724 3046 2145 2235 1158 478 1294 2391 798 2386 1056 3466 22 4582 1525 881 1032 834 3349 893 1417 3093 2993 2835 3378 176 1342 2042 3182 2089 3027 2490 3813 4672 2382 2539 352 3155 3436 1195 1723 1706 3893 181 980 3184 4762 115 710 1906 3890 1523 4236 4744 1769 1086 1647 1888 350 616 788 1509 2343 1982 637 910 1743 1446 1714 265 1551 133 1408 343 1039 655 362 581 1004 2377 1707 1522 2133 78 1608 661 2585 2534 2317 1866 3404 3444 1862 1623 1643 3650 3466 22 4582 1525 881 1032 834 3349 893 1417 3093 2993 2835 1262 3967 3252 899 2656 4507 648 1554 3543 4031 2884 959 4045 4210 3812 1073 2837 855 1613 2800 1088 44 410 2580 4718 4576 4518 723 3113 2672 2881 4552 4096 511 2014 1218 4037 1818 2631 1187 1901 1517 859 686 662 133 1408 3963 1525 881 3877 4517 3106 4510 1591 2953 4711 4388 3103 1130 715 2077 865 3439 2654 492 286 1342 2042 3182 2089 3027 2490 79 3146 2913 1356 507 1643 3650 3466 798 449 3329 1043 3246 3189 1873 3420 1571 599 2420 1120 2159 422 768 2690 3649 2361 1375 2514 1395 3944 544 3566 2582 2838 483 2951 557 2646 3502 2782 4314 2329 1941 367 1353 2387 486 3047 2518 3605 3058 3217 689 3615 1934 244 2267 4804 3778 3186 1302 2467 3891 3475 1347 3094 4403 1375 2361 3649 2690 768 422 2159 1120 2420 599 1571 3420 1873 3189 3246 1043 3329 449 798 3466 3650 1643 507 1356 2913 3146 79 1418 2819 2205 3318 1239 4266 2588 3878 1924 2565 209 1369 2018 993 1378 4095 4111 3239 1909 391 1050 475 3318 2205 2819 1418 2491 1158 478 1294 2391 798 2386 885 1134 1370 68 144 2711 1290 622 1152 2472 117 400 682 2239 1948 2242 2403 2223 1552 1786 288 1534 1927 2126 783 851 2213 499 2826 1207 1635 2441 1093 775 342 1104 2609 379 412 470 1187 1901 1517 859 686 662 133 1408 856 43 2555 2988 2216 28 2006 2565 209 1369 2018 993 1378 4095 4111 3239 1909 3730 3741 4844 1005 3235 1991 3107 1482 3235 3977 3243 2577 1561 852 1175 663 2967 1703 1173 2505 715 1829 1892 2162 330 1598 1447 191 1287 2499 185 617 2231 1851 835 1798 1378 169 1087 1486 477 648 1033 1903 2378 2835 756 2096 2113 3348 2203 2048 4464 1056 1809 2105 407 192 2466 416 442 1092 629 2163 4577 4609 1816 944 2008 2541 829 225 1140 1873 1930 1157 1006 1237 92 587 1430 1107 75 1155 1520 1127 1204 305 256 224 1528 512 177 1385 383 110 2840 198 80 1253 1689 1854 437 478 2036 
755


start: Dijkstra's Heap approach
 Time reqd for Dijkstra's Heap approach = 0.0025
470 1187 1901 2673 1291 4091 1551 265 1714 3768 155 1730 1172 3756 3213 4987 4290 1262 2835 3378 176 1342 286 492 2654 3439 865 3536 4893 2744 4163 318 3172 4675 538 368 4335 2484 2888 2128 890 4193 88 1215 832 2188 2065 4978 2258 3519 1388 1207 2500 4279 22 3466 798 2386 1056 3466 22 4582 1525 881 1032 834 3349 893 1417 3093 2993 2835 3378 176 1342 2042 3182 2089 3027 2490 3813 4672 2382 2539 352 3155 3436 1195 1723 1706 3893 181 980 3184 4762 115 710 1906 3890 1523 4236 4744 1769 2399 4610 849 1898 4208 3139 3689 1910 3348 4572 3961 2934 4735 854 3649 2690 4205 510 2994 3473 3008 1506 2147 3530 3826 2324 120 3169 2011 362 1531 4501 1502 4316 2809 1670 2585 2534 2317 1866 3404 3444 1862 1623 1643 3650 3466 22 4582 1525 3963 1408 133 662 686 859 1517 1901 2673 1291 4091 1551 265 1714 1686 3784 347 4290 1262 3967 3252 899 2656 4507 648 1554 4591 2884 959 4045 4210 3812 1073 2837 855 1613 2800 1088 44 410 2580 4718 4576 4518 723 3113 2672 2881 4552 4096 511 2014 1218 4037 1818 2631 1187 1901 1517 859 686 662 133 1408 3963 1525 881 3877 4517 3106 4510 1591 2953 4711 4388 3103 1130 715 2077 1547 4502 2378 1008 2746 3129 3548 3802 4456 861 1968 4346 637 910 1743 4427 389 372 4568 2175 3755 3985 676 495 4059 3203 465 920 3251 41 4591 2884 4031 600 4291 2917 4032 2647 2487 395 32 4266 2588 3878 1924 2565 209 1369 1277 4314 2329 1941 367 1353 2387 486 3047 2518 3605 3058 3217 689 3615 1934 244 2267 4804 3778 3186 1302 2467 3891 3475 1347 3094 4403 1375 2361 3649 854 4735 2934 3026 4784 2191 1992 2784 2190 4160 712 753 524 4319 2950 1041 625 2307 1924 2565 209 1369 2018 993 1378 4095 4111 3239 1909 391 1050 475 3318 1239 2076 3662 2132 4491 2437 4367 4354 108 1273 4648 2500 4279 22 3466 798 2391 1787 3140 2918 4153 3011 291 2178 3222 2726 211 79 3146 2187 464 3670 1175 2832 3054 4083 3633 645 3482 306 2442 811 4992 2803 982 266 3156 2018 993 1378 4095 4111 3239 1909 3730 3741 4844 1005 3235 1991 3107 1482 3235 3977 3243 2577 1561 151 1751 300 250 2609 738 2517 2494 333 2242 782 4149 4175 3646 2613 2105 407 192 4992 4752 761 2428 1455 1199 4464 1056 1809 2105 2613 3646 4175 4149 4461 4905 966 2258 1505 2547 2780 4381 3863 2135 4836 2385 1760 3608 4916 1244 2584 1778 644 4875 1171 2992 984 1308 2273 3080 1601 3774 1079 629 2163 4577 4609 1816 2413 4493 2309 3082 2324 1896 2407 727 2093 2931 1287 2499 185 617 4591 4381 2780 2641 1237 1006 1157 1930 596 263 3682 4315 4467 2579 1571 2036 
755


start: Kruskal spanning tree approach
 Time reqd for Kruskal spanning tree approach = 0.009469
4577 4609 1816 944 2008 2541 4497 3311 3116 2658 3565 4721 2537 769 770 2946 4228 3157 3606 711 3357 361 4315 4467 2579 1571 2036 
755






start: Naive Dijkstra's approach
 Time reqd for Naive Dijkstra's approach = 0.004082
470 1187 1901 1517 859 686 662 133 1408 3963 1525 881 1032 834 3349 893 1417 3093 2993 2835 3378 176 1342 286 492 2654 3439 865 3536 4893 2744 4163 318 3172 4675 538 368 233 911 1347 3094 630 1083 737 430 1765 1294 478 2049 773 1757 551 1486 829 1948 2239 682 1781 1419 1440 1534 1927 632 1987 1040 873 2079 2090 1411 940 1522 1707 437 864 1636 2274 1002 452 2188 2065 4978 2258 3519 1388 1207 2826 499 934 3086 3857 2512 1681 2240 85 1270 1419 1781 682 400 117 2472 724 3046 2145 2235 1158 478 1294 2391 798 2386 1056 3466 22 4582 1525 881 1032 834 3349 893 1417 3093 2993 2835 3378 176 1342 2042 3182 2089 3027 2490 3813 4672 2382 2539 352 3155 3436 1195 1723 1706 3893 181 980 3184 4762 115 710 1906 3890 1523 4236 4744 1769 1086 1647 1888 350 616 788 1509 2343 1982 637 910 1743 1446 1714 265 1551 133 1408 343 1039 655 362 581 1004 2377 1707 1522 2133 78 1608 661 2585 2534 2317 1866 3404 3444 1862 1623 1643 3650 3466 22 4582 1525 881 1032 834 3349 893 1417 3093 2993 2835 1262 3967 3252 899 2656 4507 648 1554 3543 4031 2884 959 4045 4210 3812 1073 2837 855 1613 2800 1088 44 410 2580 4718 4576 4518 723 3113 2672 2881 4552 4096 511 2014 1218 4037 1818 2631 1187 1901 1517 859 686 662 133 1408 3963 1525 881 3877 4517 3106 4510 1591 2953 4711 4388 3103 1130 715 2077 865 3439 2654 492 286 1342 2042 3182 2089 3027 2490 79 3146 2913 1356 507 1643 3650 3466 798 449 3329 1043 3246 3189 1873 3420 1571 599 2420 1120 2159 422 768 2690 3649 2361 1375 2514 1395 3944 544 3566 2582 2838 483 2951 557 2646 3502 2782 4314 2329 1941 367 1353 2387 486 3047 2518 3605 3058 3217 689 3615 1934 244 2267 4804 3778 3186 1302 2467 3891 3475 1347 3094 4403 1375 2361 3649 2690 768 422 2159 1120 2420 599 1571 3420 1873 3189 3246 1043 3329 449 798 3466 3650 1643 507 1356 2913 3146 79 1418 2819 2205 3318 1239 4266 2588 3878 1924 2565 209 1369 2018 993 1378 4095 4111 3239 1909 391 1050 475 3318 2205 2819 1418 2491 1158 478 1294 2391 798 2386 885 1134 1370 68 144 2711 1290 622 1152 2472 117 400 682 2239 1948 2242 2403 2223 1552 1786 288 1534 1927 2126 783 851 2213 499 2826 1207 1635 2441 1093 775 342 1104 2609 379 412 470 1187 1901 1517 859 686 662 133 1408 856 43 2555 2988 2216 28 2006 2565 209 1369 2018 993 1378 4095 4111 3239 1909 3730 3741 4844 1005 3235 1991 3107 1482 3235 3977 3243 2577 1561 852 1175 663 2967 1703 1173 2505 715 1829 1892 2162 330 1598 1447 191 1287 2499 185 617 2231 1851 835 1798 1378 169 1087 1486 477 648 1033 1903 2378 2835 756 2096 2113 3348 2203 2048 4464 1056 1809 2105 407 192 2466 416 442 1092 629 2163 4577 4609 1816 944 2008 2541 829 225 1140 1873 1930 1157 1006 1237 92 587 1430 1107 75 1155 1520 1127 1204 305 256 224 1528 512 177 1385 383 110 2840 198 80 1253 1689 1854 437 478 2036 3462 2342 2907 3653 3392 4090 2476 799 3077 1088 3109 365 14 4766 2442 4868 3660 3097 2526 4213 4244 827 3610 2770 1175 1407 3515 2404 4466 3931 
872


start: Dijkstra's Heap approach
 Time reqd for Dijkstra's Heap approach = 0.00063
470 1187 1901 2673 1291 4091 1551 265 1714 3768 155 1730 1172 3756 3213 4987 4290 1262 2835 3378 176 1342 286 492 2654 3439 865 3536 4893 2744 4163 318 3172 4675 538 368 4335 2484 2888 2128 890 4193 88 1215 832 2188 2065 4978 2258 3519 1388 1207 2500 4279 22 3466 798 2386 1056 3466 22 4582 1525 881 1032 834 3349 893 1417 3093 2993 2835 3378 176 1342 2042 3182 2089 3027 2490 3813 4672 2382 2539 352 3155 3436 1195 1723 1706 3893 181 980 3184 4762 115 710 1906 3890 1523 4236 4744 1769 2399 4610 849 1898 4208 3139 3689 1910 3348 4572 3961 2934 4735 854 3649 2690 4205 510 2994 3473 3008 1506 2147 3530 3826 2324 120 3169 2011 362 1531 4501 1502 4316 2809 1670 2585 2534 2317 1866 3404 3444 1862 1623 1643 3650 3466 22 4582 1525 3963 1408 133 662 686 859 1517 1901 2673 1291 4091 1551 265 1714 1686 3784 347 4290 1262 3967 3252 899 2656 4507 648 1554 4591 2884 959 4045 4210 3812 1073 2837 855 1613 2800 1088 44 410 2580 4718 4576 4518 723 3113 2672 2881 4552 4096 511 2014 1218 4037 1818 2631 1187 1901 1517 859 686 662 133 1408 3963 1525 881 3877 4517 3106 4510 1591 2953 4711 4388 3103 1130 715 2077 1547 4502 2378 1008 2746 3129 3548 3802 4456 861 1968 4346 637 910 1743 4427 389 372 4568 2175 3755 3985 676 495 4059 3203 465 920 3251 41 4591 2884 4031 600 4291 2917 4032 2647 2487 395 32 4266 2588 3878 1924 2565 209 1369 1277 4314 2329 1941 367 1353 2387 486 3047 2518 3605 3058 3217 689 3615 1934 244 2267 4804 3778 3186 1302 2467 3891 3475 1347 3094 4403 1375 2361 3649 854 4735 2934 3026 4784 2191 1992 2784 2190 4160 712 753 524 4319 2950 1041 625 2307 1924 2565 209 1369 2018 993 1378 4095 4111 3239 1909 391 1050 475 3318 1239 2076 3662 2132 4491 2437 4367 4354 108 1273 4648 2500 4279 22 3466 798 2391 1787 3140 2918 4153 3011 291 2178 3222 2726 211 79 3146 2187 464 3670 1175 2832 3054 4083 3633 645 3482 306 2442 811 4992 2803 982 266 3156 2018 993 1378 4095 4111 3239 1909 3730 3741 4844 1005 3235 1991 3107 1482 3235 3977 3243 2577 1561 151 1751 300 250 2609 738 2517 2494 333 2242 782 4149 4175 3646 2613 2105 407 192 4992 4752 761 2428 1455 1199 4464 1056 1809 2105 2613 3646 4175 4149 4461 4905 966 2258 1505 2547 2780 4381 3863 2135 4836 2385 1760 3608 4916 1244 2584 1778 644 4875 1171 2992 984 1308 2273 3080 1601 3774 1079 629 2163 4577 4609 1816 2413 4493 2309 3082 2324 1896 2407 727 2093 2931 1287 2499 185 617 4591 4381 2780 2641 1237 1006 1157 1930 596 263 3682 4315 4467 2579 1571 2036 3462 2342 2907 3653 3392 4090 2476 799 3077 1088 3109 365 14 4766 2442 4868 3660 3097 2526 4213 4244 827 3610 2770 1175 1407 3515 2404 4466 3931 
872


start: Kruskal spanning tree approach
 Time reqd for Kruskal spanning tree approach = 0.01198
3462 2342 2907 3653 3392 4090 2476 799 3077 1088 3109 365 14 4766 2442 4868 3660 3097 2526 4213 4244 827 3610 2770 1175 1407 3515 2404 4466 3931 
872






start: Naive Dijkstra's approach
 Time reqd for Naive Dijkstra's approach = 0.035224
470 1187 1901 1517 859 686 662 133 1408 3963 1525 881 1032 834 3349 893 1417 3093 2993 2835 3378 176 1342 286 492 2654 3439 865 3536 4893 2744 4163 318 3172 4675 538 368 233 911 1347 3094 630 1083 737 430 1765 1294 478 2049 773 1757 551 1486 829 1948 2239 682 1781 1419 1440 1534 1927 632 1987 1040 873 2079 2090 1411 940 1522 1707 437 864 1636 2274 1002 452 2188 2065 4978 2258 3519 1388 1207 2826 499 934 3086 3857 2512 1681 2240 85 1270 1419 1781 682 400 117 2472 724 3046 2145 2235 1158 478 1294 2391 798 2386 1056 3466 22 4582 1525 881 1032 834 3349 893 1417 3093 2993 2835 3378 176 1342 2042 3182 2089 3027 2490 3813 4672 2382 2539 352 3155 3436 1195 1723 1706 3893 181 980 3184 4762 115 710 1906 3890 1523 4236 4744 1769 1086 1647 1888 350 616 788 1509 2343 1982 637 910 1743 1446 1714 265 1551 133 1408 343 1039 655 362 581 1004 2377 1707 1522 2133 78 1608 661 2585 2534 2317 1866 3404 3444 1862 1623 1643 3650 3466 22 4582 1525 881 1032 834 3349 893 1417 3093 2993 2835 1262 3967 3252 899 2656 4507 648 1554 3543 4031 2884 959 4045 4210 3812 1073 2837 855 1613 2800 1088 44 410 2580 4718 4576 4518 723 3113 2672 2881 4552 4096 511 2014 1218 4037 1818 2631 1187 1901 1517 859 686 662 133 1408 3963 1525 881 3877 4517 3106 4510 1591 2953 4711 4388 3103 1130 715 2077 865 3439 2654 492 286 1342 2042 3182 2089 3027 2490 79 3146 2913 1356 507 1643 3650 3466 798 449 3329 1043 3246 3189 1873 3420 1571 599 2420 1120 2159 422 768 2690 3649 2361 1375 2514 1395 3944 544 3566 2582 2838 483 2951 557 2646 3502 2782 4314 2329 1941 367 1353 2387 486 3047 2518 3605 3058 3217 689 3615 1934 244 2267 4804 3778 3186 1302 2467 3891 3475 1347 3094 4403 1375 2361 3649 2690 768 422 2159 1120 2420 599 1571 3420 1873 3189 3246 1043 3329 449 798 3466 3650 1643 507 1356 2913 3146 79 1418 2819 2205 3318 1239 4266 2588 3878 1924 2565 209 1369 2018 993 1378 4095 4111 3239 1909 391 1050 475 3318 2205 2819 1418 2491 1158 478 1294 2391 798 2386 885 1134 1370 68 144 2711 1290 622 1152 2472 117 400 682 2239 1948 2242 2403 2223 1552 1786 288 1534 1927 2126 783 851 2213 499 2826 1207 1635 2441 1093 775 342 1104 2609 379 412 470 1187 1901 1517 859 686 662 133 1408 856 43 2555 2988 2216 28 2006 2565 209 1369 2018 993 1378 4095 4111 3239 1909 3730 3741 4844 1005 3235 1991 3107 1482 3235 3977 3243 2577 1561 852 1175 663 2967 1703 1173 2505 715 1829 1892 2162 330 1598 1447 191 1287 2499 185 617 2231 1851 835 1798 1378 169 1087 1486 477 648 1033 1903 2378 2835 756 2096 2113 3348 2203 2048 4464 1056 1809 2105 407 192 2466 416 442 1092 629 2163 4577 4609 1816 944 2008 2541 829 225 1140 1873 1930 1157 1006 1237 92 587 1430 1107 75 1155 1520 1127 1204 305 256 224 1528 512 177 1385 383 110 2840 198 80 1253 1689 1854 437 478 2036 3462 2342 2907 3653 3392 4090 2476 799 3077 1088 3109 365 14 4766 2442 4868 3660 3097 2526 4213 4244 827 3610 2770 1175 1407 3515 2404 4466 3931 1324 2318 2537 769 770 3097 2859 2427 3046 2472 1548 4602 254 4126 4552 4080 616 1179 4675 3974 4485 4608 949 4649 2524 4454 1780 859 782 523 4365 3875 591 1288 2382 1964 1994 463 4347 3528 2991 3498 4615 3975 1007 659 919 
863


start: Dijkstra's Heap approach
 Time reqd for Dijkstra's Heap approach = 0.002868
470 1187 1901 2673 1291 4091 1551 265 1714 3768 155 1730 1172 3756 3213 4987 4290 1262 2835 3378 176 1342 286 492 2654 3439 865 3536 4893 2744 4163 318 3172 4675 538 368 4335 2484 2888 2128 890 4193 88 1215 832 2188 2065 4978 2258 3519 1388 1207 2500 4279 22 3466 798 2386 1056 3466 22 4582 1525 881 1032 834 3349 893 1417 3093 2993 2835 3378 176 1342 2042 3182 2089 3027 2490 3813 4672 2382 2539 352 3155 3436 1195 1723 1706 3893 181 980 3184 4762 115 710 1906 3890 1523 4236 4744 1769 2399 4610 849 1898 4208 3139 3689 1910 3348 4572 3961 2934 4735 854 3649 2690 4205 510 2994 3473 3008 1506 2147 3530 3826 2324 120 3169 2011 362 1531 4501 1502 4316 2809 1670 2585 2534 2317 1866 3404 3444 1862 1623 1643 3650 3466 22 4582 1525 3963 1408 133 662 686 859 1517 1901 2673 1291 4091 1551 265 1714 1686 3784 347 4290 1262 3967 3252 899 2656 4507 648 1554 4591 2884 959 4045 4210 3812 1073 2837 855 1613 2800 1088 44 410 2580 4718 4576 4518 723 3113 2672 2881 4552 4096 511 2014 1218 4037 1818 2631 1187 1901 1517 859 686 662 133 1408 3963 1525 881 3877 4517 3106 4510 1591 2953 4711 4388 3103 1130 715 2077 1547 4502 2378 1008 2746 3129 3548 3802 4456 861 1968 4346 637 910 1743 4427 389 372 4568 2175 3755 3985 676 495 4059 3203 465 920 3251 41 4591 2884 4031 600 4291 2917 4032 2647 2487 395 32 4266 2588 3878 1924 2565 209 1369 1277 4314 2329 1941 367 1353 2387 486 3047 2518 3605 3058 3217 689 3615 1934 244 2267 4804 3778 3186 1302 2467 3891 3475 1347 3094 4403 1375 2361 3649 854 4735 2934 3026 4784 2191 1992 2784 2190 4160 712 753 524 4319 2950 1041 625 2307 1924 2565 209 1369 2018 993 1378 4095 4111 3239 1909 391 1050 475 3318 1239 2076 3662 2132 4491 2437 4367 4354 108 1273 4648 2500 4279 22 3466 798 2391 1787 3140 2918 4153 3011 291 2178 3222 2726 211 79 3146 2187 464 3670 1175 2832 3054 4083 3633 645 3482 306 2442 811 4992 2803 982 266 3156 2018 993 1378 4095 4111 3239 1909 3730 3741 4844 1005 3235 1991 3107 1482 3235 3977 3243 2577 1561 151 1751 300 250 2609 738 2517 2494 333 2242 782 4149 4175 3646 2613 2105 407 192 4992 4752 761 2428 1455 1199 4464 1056 1809 2105 2613 3646 4175 4149 4461 4905 966 2258 1505 2547 2780 4381 3863 2135 4836 2385 1760 3608 4916 1244 2584 1778 644 4875 1171 2992 984 1308 2273 3080 1601 3774 1079 629 2163 4577 4609 1816 2413 4493 2309 3082 2324 1896 2407 727 2093 2931 1287 2499 185 617 4591 4381 2780 2641 1237 1006 1157 1930 596 263 3682 4315 4467 2579 1571 2036 3462 2342 2907 3653 3392 4090 2476 799 3077 1088 3109 365 14 4766 2442 4868 3660 3097 2526 4213 4244 827 3610 2770 1175 1407 3515 2404 4466 3931 1324 2318 2537 769 770 3097 2859 2427 3046 2472 1548 4602 254 4126 4552 4080 616 1179 4675 3974 4485 4608 949 4649 2524 4454 1780 859 782 523 4365 3875 591 1288 2382 1964 1994 463 4347 3528 2991 3498 4615 3975 1007 659 919 
863


start: Kruskal spanning tree approach
 Time reqd for Kruskal spanning tree approach = 0.012881
1324 2318 2537 769 770 3097 2859 2427 3046 2472 1548 4602 254 4126 4552 4080 616 1179 4675 3974 4485 4608 949 4649 2524 4454 1780 859 782 523 4365 3875 591 1288 2382 1964 1994 463 4347 3528 2991 3498 4615 3975 1007 659 919 
863






start: Naive Dijkstra's approach
 Time reqd for Naive Dijkstra's approach = 0.110212
470 1187 1901 1517 859 686 662 133 1408 3963 1525 881 1032 834 3349 893 1417 3093 2993 2835 3378 176 1342 286 492 2654 3439 865 3536 4893 2744 4163 318 3172 4675 538 368 233 911 1347 3094 630 1083 737 430 1765 1294 478 2049 773 1757 551 1486 829 1948 2239 682 1781 1419 1440 1534 1927 632 1987 1040 873 2079 2090 1411 940 1522 1707 437 864 1636 2274 1002 452 2188 2065 4978 2258 3519 1388 1207 2826 499 934 3086 3857 2512 1681 2240 85 1270 1419 1781 682 400 117 2472 724 3046 2145 2235 1158 478 1294 2391 798 2386 1056 3466 22 4582 1525 881 1032 834 3349 893 1417 3093 2993 2835 3378 176 1342 2042 3182 2089 3027 2490 3813 4672 2382 2539 352 3155 3436 1195 1723 1706 3893 181 980 3184 4762 115 710 1906 3890 1523 4236 4744 1769 1086 1647 1888 350 616 788 1509 2343 1982 637 910 1743 1446 1714 265 1551 133 1408 343 1039 655 362 581 1004 2377 1707 1522 2133 78 1608 661 2585 2534 2317 1866 3404 3444 1862 1623 1643 3650 3466 22 4582 1525 881 1032 834 3349 893 1417 3093 2993 2835 1262 3967 3252 899 2656 4507 648 1554 3543 4031 2884 959 4045 4210 3812 1073 2837 855 1613 2800 1088 44 410 2580 4718 4576 4518 723 3113 2672 2881 4552 4096 511 2014 1218 4037 1818 2631 1187 1901 1517 859 686 662 133 1408 3963 1525 881 3877 4517 3106 4510 1591 2953 4711 4388 3103 1130 715 2077 865 3439 2654 492 286 1342 2042 3182 2089 3027 2490 79 3146 2913 1356 507 1643 3650 3466 798 449 3329 1043 3246 3189 1873 3420 1571 599 2420 1120 2159 422 768 2690 3649 2361 1375 2514 1395 3944 544 3566 2582 2838 483 2951 557 2646 3502 2782 4314 2329 1941 367 1353 2387 486 3047 2518 3605 3058 3217 689 3615 1934 244 2267 4804 3778 3186 1302 2467 3891 3475 1347 3094 4403 1375 2361 3649 2690 768 422 2159 1120 2420 599 1571 3420 1873 3189 3246 1043 3329 449 798 3466 3650 1643 507 1356 2913 3146 79 1418 2819 2205 3318 1239 4266 2588 3878 1924 2565 209 1369 2018 993 1378 4095 4111 3239 1909 391 1050 475 3318 2205 2819 1418 2491 1158 478 1294 2391 798 2386 885 1134 1370 68 144 2711 1290 622 1152 2472 117 400 682 2239 1948 2242 2403 2223 1552 1786 288 1534 1927 2126 783 851 2213 499 2826 1207 1635 2441 1093 775 342 1104 2609 379 412 470 1187 1901 1517 859 686 662 133 1408 856 43 2555 2988 2216 28 2006 2565 209 1369 2018 993 1378 4095 4111 3239 1909 3730 3741 4844 1005 3235 1991 3107 1482 3235 3977 3243 2577 1561 852 1175 663 2967 1703 1173 2505 715 1829 1892 2162 330 1598 1447 191 1287 2499 185 617 2231 1851 835 1798 1378 169 1087 1486 477 648 1033 1903 2378 2835 756 2096 2113 3348 2203 2048 4464 1056 1809 2105 407 192 2466 416 442 1092 629 2163 4577 4609 1816 944 2008 2541 829 225 1140 1873 1930 1157 1006 1237 92 587 1430 1107 75 1155 1520 1127 1204 305 256 224 1528 512 177 1385 383 110 2840 198 80 1253 1689 1854 437 478 2036 3462 2342 2907 3653 3392 4090 2476 799 3077 1088 3109 365 14 4766 2442 4868 3660 3097 2526 4213 4244 827 3610 2770 1175 1407 3515 2404 4466 3931 1324 2318 2537 769 770 3097 2859 2427 3046 2472 1548 4602 254 4126 4552 4080 616 1179 4675 3974 4485 4608 949 4649 2524 4454 1780 859 782 523 4365 3875 591 1288 2382 1964 1994 463 4347 3528 2991 3498 4615 3975 1007 659 919 1486 4523 3122 1882 1802 4902 3515 1407 1175 2770 3610 827 4244 4213 2526 3097 3660 4868 4585 4469 4489 4166 329 869 2600 2760 1878 4388 4076 844 
788


start: Dijkstra's Heap approach
 Time reqd for Dijkstra's Heap approach = 0.006892
470 1187 1901 2673 1291 4091 1551 265 1714 3768 155 1730 1172 3756 3213 4987 4290 1262 2835 3378 176 1342 286 492 2654 3439 865 3536 4893 2744 4163 318 3172 4675 538 368 4335 2484 2888 2128 890 4193 88 1215 832 2188 2065 4978 2258 3519 1388 1207 2500 4279 22 3466 798 2386 1056 3466 22 4582 1525 881 1032 834 3349 893 1417 3093 2993 2835 3378 176 1342 2042 3182 2089 3027 2490 3813 4672 2382 2539 352 3155 3436 1195 1723 1706 3893 181 980 3184 4762 115 710 1906 3890 1523 4236 4744 1769 2399 4610 849 1898 4208 3139 3689 1910 3348 4572 3961 2934 4735 854 3649 2690 4205 510 2994 3473 3008 1506 2147 3530 3826 2324 120 3169 2011 362 1531 4501 1502 4316 2809 1670 2585 2534 2317 1866 3404 3444 1862 1623 1643 3650 3466 22 4582 1525 3963 1408 133 662 686 859 1517 1901 2673 1291 4091 1551 265 1714 1686 3784 347 4290 1262 3967 3252 899 2656 4507 648 1554 4591 2884 959 4045 4210 3812 1073 2837 855 1613 2800 1088 44 410 2580 4718 4576 4518 723 3113 2672 2881 4552 4096 511 2014 1218 4037 1818 2631 1187 1901 1517 859 686 662 133 1408 3963 1525 881 3877 4517 3106 4510 1591 2953 4711 4388 3103 1130 715 2077 1547 4502 2378 1008 2746 3129 3548 3802 4456 861 1968 4346 637 910 1743 4427 389 372 4568 2175 3755 3985 676 495 4059 3203 465 920 3251 41 4591 2884 4031 600 4291 2917 4032 2647 2487 395 32 4266 2588 3878 1924 2565 209 1369 1277 4314 2329 1941 367 1353 2387 486 3047 2518 3605 3058 3217 689 3615 1934 244 2267 4804 3778 3186 1302 2467 3891 3475 1347 3094 4403 1375 2361 3649 854 4735 2934 3026 4784 2191 1992 2784 2190 4160 712 753 524 4319 2950 1041 625 2307 1924 2565 209 1369 2018 993 1378 4095 4111 3239 1909 391 1050 475 3318 1239 2076 3662 2132 4491 2437 4367 4354 108 1273 4648 2500 4279 22 3466 798 2391 1787 3140 2918 4153 3011 291 2178 3222 2726 211 79 3146 2187 464 3670 1175 2832 3054 4083 3633 645 3482 306 2442 811 4992 2803 982 266 3156 2018 993 1378 4095 4111 3239 1909 3730 3741 4844 1005 3235 1991 3107 1482 3235 3977 3243 2577 1561 151 1751 300 250 2609 738 2517 2494 333 2242 782 4149 4175 3646 2613 2105 407 192 4992 4752 761 2428 1455 1199 4464 1056 1809 2105 2613 3646 4175 4149 4461 4905 966 2258 1505 2547 2780 4381 3863 2135 4836 2385 1760 3608 4916 1244 2584 1778 644 4875 1171 2992 984 1308 2273 3080 1601 3774 1079 629 2163 4577 4609 1816 2413 4493 2309 3082 2324 1896 2407 727 2093 2931 1287 2499 185 617 4591 4381 2780 2641 1237 1006 1157 1930 596 263 3682 4315 4467 2579 1571 2036 3462 2342 2907 3653 3392 4090 2476 799 3077 1088 3109 365 14 4766 2442 4868 3660 3097 2526 4213 4244 827 3610 2770 1175 1407 3515 2404 4466 3931 1324 2318 2537 769 770 3097 2859 2427 3046 2472 1548 4602 254 4126 4552 4080 616 1179 4675 3974 4485 4608 949 4649 2524 4454 1780 859 782 523 4365 3875 591 1288 2382 1964 1994 463 4347 3528 2991 3498 4615 3975 1007 659 919 1486 4523 3122 1882 1802 4902 3515 1407 1175 2770 3610 827 4244 4213 2526 3097 3660 4868 4585 4469 4489 4166 329 869 2600 2760 1878 4388 4076 844 
788


start: Kruskal spanning tree approach
 Time reqd for Kruskal spanning tree approach = 0.010847
1486 4523 3122 1882 1802 4902 3515 1407 1175 2770 3610 827 4244 4213 2526 3097 3660 4868 4585 4469 4489 4166 329 869 2600 2760 1878 4388 4076 844 
788






start: Naive Dijkstra's approach
 Time reqd for Naive Dijkstra's approach = 0.014657
470 1187 1901 1517 859 686 662 133 1408 3963 1525 881 1032 834 3349 893 1417 3093 2993 2835 3378 176 1342 286 492 2654 3439 865 3536 4893 2744 4163 318 3172 4675 538 368 233 911 1347 3094 630 1083 737 430 1765 1294 478 2049 773 1757 551 1486 829 1948 2239 682 1781 1419 1440 1534 1927 632 1987 1040 873 2079 2090 1411 940 1522 1707 437 864 1636 2274 1002 452 2188 2065 4978 2258 3519 1388 1207 2826 499 934 3086 3857 2512 1681 2240 85 1270 1419 1781 682 400 117 2472 724 3046 2145 2235 1158 478 1294 2391 798 2386 1056 3466 22 4582 1525 881 1032 834 3349 893 1417 3093 2993 2835 3378 176 1342 2042 3182 2089 3027 2490 3813 4672 2382 2539 352 3155 3436 1195 1723 1706 3893 181 980 3184 4762 115 710 1906 3890 1523 4236 4744 1769 1086 1647 1888 350 616 788 1509 2343 1982 637 910 1743 1446 1714 265 1551 133 1408 343 1039 655 362 581 1004 2377 1707 1522 2133 78 1608 661 2585 2534 2317 1866 3404 3444 1862 1623 1643 3650 3466 22 4582 1525 881 1032 834 3349 893 1417 3093 2993 2835 1262 3967 3252 899 2656 4507 648 1554 3543 4031 2884 959 4045 4210 3812 1073 2837 855 1613 2800 1088 44 410 2580 4718 4576 4518 723 3113 2672 2881 4552 4096 511 2014 1218 4037 1818 2631 1187 1901 1517 859 686 662 133 1408 3963 1525 881 3877 4517 3106 4510 1591 2953 4711 4388 3103 1130 715 2077 865 3439 2654 492 286 1342 2042 3182 2089 3027 2490 79 3146 2913 1356 507 1643 3650 3466 798 449 3329 1043 3246 3189 1873 3420 1571 599 2420 1120 2159 422 768 2690 3649 2361 1375 2514 1395 3944 544 3566 2582 2838 483 2951 557 2646 3502 2782 4314 2329 1941 367 1353 2387 486 3047 2518 3605 3058 3217 689 3615 1934 244 2267 4804 3778 3186 1302 2467 3891 3475 1347 3094 4403 1375 2361 3649 2690 768 422 2159 1120 2420 599 1571 3420 1873 3189 3246 1043 3329 449 798 3466 3650 1643 507 1356 2913 3146 79 1418 2819 2205 3318 1239 4266 2588 3878 1924 2565 209 1369 2018 993 1378 4095 4111 3239 1909 391 1050 475 3318 2205 2819 1418 2491 1158 478 1294 2391 798 2386 885 1134 1370 68 144 2711 1290 622 1152 2472 117 400 682 2239 1948 2242 2403 2223 1552 1786 288 1534 1927 2126 783 851 2213 499 2826 1207 1635 2441 1093 775 342 1104 2609 379 412 470 1187 1901 1517 859 686 662 133 1408 856 43 2555 2988 2216 28 2006 2565 209 1369 2018 993 1378 4095 4111 3239 1909 3730 3741 4844 1005 3235 1991 3107 1482 3235 3977 3243 2577 1561 852 1175 663 2967 1703 1173 2505 715 1829 1892 2162 330 1598 1447 191 1287 2499 185 617 2231 1851 835 1798 1378 169 1087 1486 477 648 1033 1903 2378 2835 756 2096 2113 3348 2203 2048 4464 1056 1809 2105 407 192 2466 416 442 1092 629 2163 4577 4609 1816 944 2008 2541 829 225 1140 1873 1930 1157 1006 1237 92 587 1430 1107 75 1155 1520 1127 1204 305 256 224 1528 512 177 1385 383 110 2840 198 80 1253 1689 1854 437 478 2036 3462 2342 2907 3653 3392 4090 2476 799 3077 1088 3109 365 14 4766 2442 4868 3660 3097 2526 4213 4244 827 3610 2770 1175 1407 3515 2404 4466 3931 1324 2318 2537 769 770 3097 2859 2427 3046 2472 1548 4602 254 4126 4552 4080 616 1179 4675 3974 4485 4608 949 4649 2524 4454 1780 859 782 523 4365 3875 591 1288 2382 1964 1994 463 4347 3528 2991 3498 4615 3975 1007 659 919 1486 4523 3122 1882 1802 4902 3515 1407 1175 2770 3610 827 4244 4213 2526 3097 3660 4868 4585 4469 4489 4166 329 869 2600 2760 1878 4388 4076 844 4695 688 1335 3585 2890 3391 3035 3234 1467 4683 3638 2468 3549 2626 2830 3274 1965 2307 1023 406 1875 3504 260 2528 1233 2605 3600 1352 2700 646 957 1655 2140 3147 4332 1868 2158 1357 2111 4467 4315 361 3357 711 3606 3157 4228 2946 770 3097 2526 4179 1929 2254 905 2663 172 2145 3907 2245 2471 452 206 2408 2130 1169 3239 608 1418 1231 2674 3211 449 2780 2547 1505 1852 1647 1964 1994 463 1589 3746 2751 1426 3205 152 2373 2192 
843


start: Dijkstra's Heap approach
 Time reqd for Dijkstra's Heap approach = 0.001732
470 1187 1901 2673 1291 4091 1551 265 1714 3768 155 1730 1172 3756 3213 4987 4290 1262 2835 3378 176 1342 286 492 2654 3439 865 3536 4893 2744 4163 318 3172 4675 538 368 4335 2484 2888 2128 890 4193 88 1215 832 2188 2065 4978 2258 3519 1388 1207 2500 4279 22 3466 798 2386 1056 3466 22 4582 1525 881 1032 834 3349 893 1417 3093 2993 2835 3378 176 1342 2042 3182 2089 3027 2490 3813 4672 2382 2539 352 3155 3436 1195 1723 1706 3893 181 980 3184 4762 115 710 1906 3890 1523 4236 4744 1769 2399 4610 849 1898 4208 3139 3689 1910 3348 4572 3961 2934 4735 854 3649 2690 4205 510 2994 3473 3008 1506 2147 3530 3826 2324 120 3169 2011 362 1531 4501 1502 4316 2809 1670 2585 2534 2317 1866 3404 3444 1862 1623 1643 3650 3466 22 4582 1525 3963 1408 133 662 686 859 1517 1901 2673 1291 4091 1551 265 1714 1686 3784 347 4290 1262 3967 3252 899 2656 4507 648 1554 4591 2884 959 4045 4210 3812 1073 2837 855 1613 2800 1088 44 410 2580 4718 4576 4518 723 3113 2672 2881 4552 4096 511 2014 1218 4037 1818 2631 1187 1901 1517 859 686 662 133 1408 3963 1525 881 3877 4517 3106 4510 1591 2953 4711 4388 3103 1130 715 2077 1547 4502 2378 1008 2746 3129 3548 3802 4456 861 1968 4346 637 910 1743 4427 389 372 4568 2175 3755 3985 676 495 4059 3203 465 920 3251 41 4591 2884 4031 600 4291 2917 4032 2647 2487 395 32 4266 2588 3878 1924 2565 209 1369 1277 4314 2329 1941 367 1353 2387 486 3047 2518 3605 3058 3217 689 3615 1934 244 2267 4804 3778 3186 1302 2467 3891 3475 1347 3094 4403 1375 2361 3649 854 4735 2934 3026 4784 2191 1992 2784 2190 4160 712 753 524 4319 2950 1041 625 2307 1924 2565 209 1369 2018 993 1378 4095 4111 3239 1909 391 1050 475 3318 1239 2076 3662 2132 4491 2437 4367 4354 108 1273 4648 2500 4279 22 3466 798 2391 1787 3140 2918 4153 3011 291 2178 3222 2726 211 79 3146 2187 464 3670 1175 2832 3054 4083 3633 645 3482 306 2442 811 4992 2803 982 266 3156 2018 993 1378 4095 4111 3239 1909 3730 3741 4844 1005 3235 1991 3107 1482 3235 3977 3243 2577 1561 151 1751 300 250 2609 738 2517 2494 333 2242 782 4149 4175 3646 2613 2105 407 192 4992 4752 761 2428 1455 1199 4464 1056 1809 2105 2613 3646 4175 4149 4461 4905 966 2258 1505 2547 2780 4381 3863 2135 4836 2385 1760 3608 4916 1244 2584 1778 644 4875 1171 2992 984 1308 2273 3080 1601 3774 1079 629 2163 4577 4609 1816 2413 4493 2309 3082 2324 1896 2407 727 2093 2931 1287 2499 185 617 4591 4381 2780 2641 1237 1006 1157 1930 596 263 3682 4315 4467 2579 1571 2036 3462 2342 2907 3653 3392 4090 2476 799 3077 1088 3109 365 14 4766 2442 4868 3660 3097 2526 4213 4244 827 3610 2770 1175 1407 3515 2404 4466 3931 1324 2318 2537 769 770 3097 2859 2427 3046 2472 1548 4602 254 4126 4552 4080 616 1179 4675 3974 4485 4608 949 4649 2524 4454 1780 859 782 523 4365 3875 591 1288 2382 1964 1994 463 4347 3528 2991 3498 4615 3975 1007 659 919 1486 4523 3122 1882 1802 4902 3515 1407 1175 2770 3610 827 4244 4213 2526 3097 3660 4868 4585 4469 4489 4166 329 869 2600 2760 1878 4388 4076 844 4695 688 1335 3585 2890 3391 3035 3234 1467 4683 3638 4794 3487 4232 2914 1533 1225 2654 122 4935 2643 3185 2659 1426 3205 152 2373 2192 
843


start: Kruskal spanning tree approach
 Time reqd for Kruskal spanning tree approach = 0.011332
4695 688 1335 3585 2890 3391 3035 3234 1467 4683 3638 2468 3549 2626 2830 3274 1965 2307 4934 3559 2775 1689 3563 1033 648 477 2748 4710 189 3231 4308 4943 350 1232 983 4706 848 3388 2541 4497 3311 3116 2658 3565 4721 2537 769 770 3097 2859 2427 3046 2472 1548 4602 254 4126 4552 4080 616 1179 4675 3974 4485 4608 949 4649 2524 4454 1780 859 782 523 4365 3875 591 1288 2382 1964 1994 463 1589 3746 2751 1426 3205 152 2373 2192 
843






start: Naive Dijkstra's approach
 Time reqd for Naive Dijkstra's approach = 0.018552
470 1187 1901 1517 859 686 662 133 1408 3963 1525 881 1032 834 3349 893 1417 3093 2993 2835 3378 176 1342 286 492 2654 3439 865 3536 4893 2744 4163 318 3172 4675 538 368 233 911 1347 3094 630 1083 737 430 1765 1294 478 2049 773 1757 551 1486 829 1948 2239 682 1781 1419 1440 1534 1927 632 1987 1040 873 2079 2090 1411 940 1522 1707 437 864 1636 2274 1002 452 2188 2065 4978 2258 3519 1388 1207 2826 499 934 3086 3857 2512 1681 2240 85 1270 1419 1781 682 400 117 2472 724 3046 2145 2235 1158 478 1294 2391 798 2386 1056 3466 22 4582 1525 881 1032 834 3349 893 1417 3093 2993 2835 3378 176 1342 2042 3182 2089 3027 2490 3813 4672 2382 2539 352 3155 3436 1195 1723 1706 3893 181 980 3184 4762 115 710 1906 3890 1523 4236 4744 1769 1086 1647 1888 350 616 788 1509 2343 1982 637 910 1743 1446 1714 265 1551 133 1408 343 1039 655 362 581 1004 2377 1707 1522 2133 78 1608 661 2585 2534 2317 1866 3404 3444 1862 1623 1643 3650 3466 22 4582 1525 881 1032 834 3349 893 1417 3093 2993 2835 1262 3967 3252 899 2656 4507 648 1554 3543 4031 2884 959 4045 4210 3812 1073 2837 855 1613 2800 1088 44 410 2580 4718 4576 4518 723 3113 2672 2881 4552 4096 511 2014 1218 4037 1818 2631 1187 1901 1517 859 686 662 133 1408 3963 1525 881 3877 4517 3106 4510 1591 2953 4711 4388 3103 1130 715 2077 865 3439 2654 492 286 1342 2042 3182 2089 3027 2490 79 3146 2913 1356 507 1643 3650 3466 798 449 3329 1043 3246 3189 1873 3420 1571 599 2420 1120 2159 422 768 2690 3649 2361 1375 2514 1395 3944 544 3566 2582 2838 483 2951 557 2646 3502 2782 4314 2329 1941 367 1353 2387 486 3047 2518 3605 3058 3217 689 3615 1934 244 2267 4804 3778 3186 1302 2467 3891 3475 1347 3094 4403 1375 2361 3649 2690 768 422 2159 1120 2420 599 1571 3420 1873 3189 3246 1043 3329 449 798 3466 3650 1643 507 1356 2913 3146 79 1418 2819 2205 3318 1239 4266 2588 3878 1924 2565 209 1369 2018 993 1378 4095 4111 3239 1909 391 1050 475 3318 2205 2819 1418 2491 1158 478 1294 2391 798 2386 885 1134 1370 68 144 2711 1290 622 1152 2472 117 400 682 2239 1948 2242 2403 2223 1552 1786 288 1534 1927 2126 783 851 2213 499 2826 1207 1635 2441 1093 775 342 1104 2609 379 412 470 1187 1901 1517 859 686 662 133 1408 856 43 2555 2988 2216 28 2006 2565 209 1369 2018 993 1378 4095 4111 3239 1909 3730 3741 4844 1005 3235 1991 3107 1482 3235 3977 3243 2577 1561 852 1175 663 2967 1703 1173 2505 715 1829 1892 2162 330 1598 1447 191 1287 2499 185 617 2231 1851 835 1798 1378 169 1087 1486 477 648 1033 1903 2378 2835 756 2096 2113 3348 2203 2048 4464 1056 1809 2105 407 192 2466 416 442 1092 629 2163 4577 4609 1816 944 2008 2541 829 225 1140 1873 1930 1157 1006 1237 92 587 1430 1107 75 1155 1520 1127 1204 305 256 224 1528 512 177 1385 383 110 2840 198 80 1253 1689 1854 437 478 2036 3462 2342 2907 3653 3392 4090 2476 799 3077 1088 3109 365 14 4766 2442 4868 3660 3097 2526 4213 4244 827 3610 2770 1175 1407 3515 2404 4466 3931 1324 2318 2537 769 770 3097 2859 2427 3046 2472 1548 4602 254 4126 4552 4080 616 1179 4675 3974 4485 4608 949 4649 2524 4454 1780 859 782 523 4365 3875 591 1288 2382 1964 1994 463 4347 3528 2991 3498 4615 3975 1007 659 919 1486 4523 3122 1882 1802 4902 3515 1407 1175 2770 3610 827 4244 4213 2526 3097 3660 4868 4585 4469 4489 4166 329 869 2600 2760 1878 4388 4076 844 4695 688 1335 3585 2890 3391 3035 3234 1467 4683 3638 2468 3549 2626 2830 3274 1965 2307 1023 406 1875 3504 260 2528 1233 2605 3600 1352 2700 646 957 1655 2140 3147 4332 1868 2158 1357 2111 4467 4315 361 3357 711 3606 3157 4228 2946 770 3097 2526 4179 1929 2254 905 2663 172 2145 3907 2245 2471 452 206 2408 2130 1169 3239 608 1418 1231 2674 3211 449 2780 2547 1505 1852 1647 1964 1994 463 1589 3746 2751 1426 3205 152 2373 2192 2372 2807 4048 2522 2264 3392 4090 2476 799 3077 1088 3109 365 14 4766 2442 4868 3660 3097 2526 4213 4244 827 3610 2770 1175 1407 3515 4902 1802 1882 3122 4523 1486 3611 3934 338 3408 4060 195 2484 4395 2263 1750 3187 1336 4667 4871 
867


start: Dijkstra's Heap approach
 Time reqd for Dijkstra's Heap approach = 0.001224
470 1187 1901 2673 1291 4091 1551 265 1714 3768 155 1730 1172 3756 3213 4987 4290 1262 2835 3378 176 1342 286 492 2654 3439 865 3536 4893 2744 4163 318 3172 4675 538 368 4335 2484 2888 2128 890 4193 88 1215 832 2188 2065 4978 2258 3519 1388 1207 2500 4279 22 3466 798 2386 1056 3466 22 4582 1525 881 1032 834 3349 893 1417 3093 2993 2835 3378 176 1342 2042 3182 2089 3027 2490 3813 4672 2382 2539 352 3155 3436 1195 1723 1706 3893 181 980 3184 4762 115 710 1906 3890 1523 4236 4744 1769 2399 4610 849 1898 4208 3139 3689 1910 3348 4572 3961 2934 4735 854 3649 2690 4205 510 2994 3473 3008 1506 2147 3530 3826 2324 120 3169 2011 362 1531 4501 1502 4316 2809 1670 2585 2534 2317 1866 3404 3444 1862 1623 1643 3650 3466 22 4582 1525 3963 1408 133 662 686 859 1517 1901 2673 1291 4091 1551 265 1714 1686 3784 347 4290 1262 3967 3252 899 2656 4507 648 1554 4591 2884 959 4045 4210 3812 1073 2837 855 1613 2800 1088 44 410 2580 4718 4576 4518 723 3113 2672 2881 4552 4096 511 2014 1218 4037 1818 2631 1187 1901 1517 859 686 662 133 1408 3963 1525 881 3877 4517 3106 4510 1591 2953 4711 4388 3103 1130 715 2077 1547 4502 2378 1008 2746 3129 3548 3802 4456 861 1968 4346 637 910 1743 4427 389 372 4568 2175 3755 3985 676 495 4059 3203 465 920 3251 41 4591 2884 4031 600 4291 2917 4032 2647 2487 395 32 4266 2588 3878 1924 2565 209 1369 1277 4314 2329 1941 367 1353 2387 486 3047 2518 3605 3058 3217 689 3615 1934 244 2267 4804 3778 3186 1302 2467 3891 3475 1347 3094 4403 1375 2361 3649 854 4735 2934 3026 4784 2191 1992 2784 2190 4160 712 753 524 4319 2950 1041 625 2307 1924 2565 209 1369 2018 993 1378 4095 4111 3239 1909 391 1050 475 3318 1239 2076 3662 2132 4491 2437 4367 4354 108 1273 4648 2500 4279 22 3466 798 2391 1787 3140 2918 4153 3011 291 2178 3222 2726 211 79 3146 2187 464 3670 1175 2832 3054 4083 3633 645 3482 306 2442 811 4992 2803 982 266 3156 2018 993 1378 4095 4111 3239 1909 3730 3741 4844 1005 3235 1991 3107 1482 3235 3977 3243 2577 1561 151 1751 300 250 2609 738 2517 2494 333 2242 782 4149 4175 3646 2613 2105 407 192 4992 4752 761 2428 1455 1199 4464 1056 1809 2105 2613 3646 4175 4149 4461 4905 966 2258 1505 2547 2780 4381 3863 2135 4836 2385 1760 3608 4916 1244 2584 1778 644 4875 1171 2992 984 1308 2273 3080 1601 3774 1079 629 2163 4577 4609 1816 2413 4493 2309 3082 2324 1896 2407 727 2093 2931 1287 2499 185 617 4591 4381 2780 2641 1237 1006 1157 1930 596 263 3682 4315 4467 2579 1571 2036 3462 2342 2907 3653 3392 4090 2476 799 3077 1088 3109 365 14 4766 2442 4868 3660 3097 2526 4213 4244 827 3610 2770 1175 1407 3515 2404 4466 3931 1324 2318 2537 769 770 3097 2859 2427 3046 2472 1548 4602 254 4126 4552 4080 616 1179 4675 3974 4485 4608 949 4649 2524 4454 1780 859 782 523 4365 3875 591 1288 2382 1964 1994 463 4347 3528 2991 3498 4615 3975 1007 659 919 1486 4523 3122 1882 1802 4902 3515 1407 1175 2770 3610 827 4244 4213 2526 3097 3660 4868 4585 4469 4489 4166 329 869 2600 2760 1878 4388 4076 844 4695 688 1335 3585 2890 3391 3035 3234 1467 4683 3638 4794 3487 4232 2914 1533 1225 2654 122 4935 2643 3185 2659 1426 3205 152 2373 2192 2372 2807 4048 2522 2264 3392 4090 2476 799 3077 1088 3109 365 14 4766 2442 4868 3660 3097 2526 4213 4244 827 3610 2770 1175 1407 3515 4902 1802 1882 3122 4523 1486 3611 3934 338 3408 4060 195 2484 4395 2263 1750 3187 1336 4667 4871 
867


start: Kruskal spanning tree approach
 Time reqd for Kruskal spanning tree approach = 0.010136
2372 2807 4048 2522 2264 3392 4090 2476 799 3077 1088 3109 365 14 4766 2442 4868 3660 3097 2526 4213 4244 827 3610 2770 1175 1407 3515 4902 1802 1882 3122 4523 1486 3611 3934 338 3408 4060 195 2484 4395 2263 1750 3187 1336 4667 4871 
867






start: Naive Dijkstra's approach
 Time reqd for Naive Dijkstra's approach = 0.121404
470 1187 1901 1517 859 686 662 133 1408 3963 1525 881 1032 834 3349 893 1417 3093 2993 2835 3378 176 1342 286 492 2654 3439 865 3536 4893 2744 4163 318 3172 4675 538 368 233 911 1347 3094 630 1083 737 430 1765 1294 478 2049 773 1757 551 1486 829 1948 2239 682 1781 1419 1440 1534 1927 632 1987 1040 873 2079 2090 1411 940 1522 1707 437 864 1636 2274 1002 452 2188 2065 4978 2258 3519 1388 1207 2826 499 934 3086 3857 2512 1681 2240 85 1270 1419 1781 682 400 117 2472 724 3046 2145 2235 1158 478 1294 2391 798 2386 1056 3466 22 4582 1525 881 1032 834 3349 893 1417 3093 2993 2835 3378 176 1342 2042 3182 2089 3027 2490 3813 4672 2382 2539 352 3155 3436 1195 1723 1706 3893 181 980 3184 4762 115 710 1906 3890 1523 4236 4744 1769 1086 1647 1888 350 616 788 1509 2343 1982 637 910 1743 1446 1714 265 1551 133 1408 343 1039 655 362 581 1004 2377 1707 1522 2133 78 1608 661 2585 2534 2317 1866 3404 3444 1862 1623 1643 3650 3466 22 4582 1525 881 1032 834 3349 893 1417 3093 2993 2835 1262 3967 3252 899 2656 4507 648 1554 3543 4031 2884 959 4045 4210 3812 1073 2837 855 1613 2800 1088 44 410 2580 4718 4576 4518 723 3113 2672 2881 4552 4096 511 2014 1218 4037 1818 2631 1187 1901 1517 859 686 662 133 1408 3963 1525 881 3877 4517 3106 4510 1591 2953 4711 4388 3103 1130 715 2077 865 3439 2654 492 286 1342 2042 3182 2089 3027 2490 79 3146 2913 1356 507 1643 3650 3466 798 449 3329 1043 3246 3189 1873 3420 1571 599 2420 1120 2159 422 768 2690 3649 2361 1375 2514 1395 3944 544 3566 2582 2838 483 2951 557 2646 3502 2782 4314 2329 1941 367 1353 2387 486 3047 2518 3605 3058 3217 689 3615 1934 244 2267 4804 3778 3186 1302 2467 3891 3475 1347 3094 4403 1375 2361 3649 2690 768 422 2159 1120 2420 599 1571 3420 1873 3189 3246 1043 3329 449 798 3466 3650 1643 507 1356 2913 3146 79 1418 2819 2205 3318 1239 4266 2588 3878 1924 2565 209 1369 2018 993 1378 4095 4111 3239 1909 391 1050 475 3318 2205 2819 1418 2491 1158 478 1294 2391 798 2386 885 1134 1370 68 144 2711 1290 622 1152 2472 117 400 682 2239 1948 2242 2403 2223 1552 1786 288 1534 1927 2126 783 851 2213 499 2826 1207 1635 2441 1093 775 342 1104 2609 379 412 470 1187 1901 1517 859 686 662 133 1408 856 43 2555 2988 2216 28 2006 2565 209 1369 2018 993 1378 4095 4111 3239 1909 3730 3741 4844 1005 3235 1991 3107 1482 3235 3977 3243 2577 1561 852 1175 663 2967 1703 1173 2505 715 1829 1892 2162 330 1598 1447 191 1287 2499 185 617 2231 1851 835 1798 1378 169 1087 1486 477 648 1033 1903 2378 2835 756 2096 2113 3348 2203 2048 4464 1056 1809 2105 407 192 2466 416 442 1092 629 2163 4577 4609 1816 944 2008 2541 829 225 1140 1873 1930 1157 1006 1237 92 587 1430 1107 75 1155 1520 1127 1204 305 256 224 1528 512 177 1385 383 110 2840 198 80 1253 1689 1854 437 478 2036 3462 2342 2907 3653 3392 4090 2476 799 3077 1088 3109 365 14 4766 2442 4868 3660 3097 2526 4213 4244 827 3610 2770 1175 1407 3515 2404 4466 3931 1324 2318 2537 769 770 3097 2859 2427 3046 2472 1548 4602 254 4126 4552 4080 616 1179 4675 3974 4485 4608 949 4649 2524 4454 1780 859 782 523 4365 3875 591 1288 2382 1964 1994 463 4347 3528 2991 3498 4615 3975 1007 659 919 1486 4523 3122 1882 1802 4902 3515 1407 1175 2770 3610 827 4244 4213 2526 3097 3660 4868 4585 4469 4489 4166 329 869 2600 2760 1878 4388 4076 844 4695 688 1335 3585 2890 3391 3035 3234 1467 4683 3638 2468 3549 2626 2830 3274 1965 2307 1023 406 1875 3504 260 2528 1233 2605 3600 1352 2700 646 957 1655 2140 3147 4332 1868 2158 1357 2111 4467 4315 361 3357 711 3606 3157 4228 2946 770 3097 2526 4179 1929 2254 905 2663 172 2145 3907 2245 2471 452 206 2408 2130 1169 3239 608 1418 1231 2674 3211 449 2780 2547 1505 1852 1647 1964 1994 463 1589 3746 2751 1426 3205 152 2373 2192 2372 2807 4048 2522 2264 3392 4090 2476 799 3077 1088 3109 365 14 4766 2442 4868 3660 3097 2526 4213 4244 827 3610 2770 1175 1407 3515 4902 1802 1882 3122 4523 1486 3611 3934 338 3408 4060 195 2484 4395 2263 1750 3187 1336 4667 4871 4286 2911 2310 4700 682 1692 2868 966 4905 4461 4149 782 859 1780 4454 2524 4649 949 4608 4485 3974 4675 1179 616 4080 4552 4126 254 4602 1548 2472 3046 2427 2985 4144 
731


start: Dijkstra's Heap approach
 Time reqd for Dijkstra's Heap approach = 0.005596
470 1187 1901 2673 1291 4091 1551 265 1714 3768 155 1730 1172 3756 3213 4987 4290 1262 2835 3378 176 1342 286 492 2654 3439 865 3536 4893 2744 4163 318 3172 4675 538 368 4335 2484 2888 2128 890 4193 88 1215 832 2188 2065 4978 2258 3519 1388 1207 2500 4279 22 3466 798 2386 1056 3466 22 4582 1525 881 1032 834 3349 893 1417 3093 2993 2835 3378 176 1342 2042 3182 2089 3027 2490 3813 4672 2382 2539 352 3155 3436 1195 1723 1706 3893 181 980 3184 4762 115 710 1906 3890 1523 4236 4744 1769 2399 4610 849 1898 4208 3139 3689 1910 3348 4572 3961 2934 4735 854 3649 2690 4205 510 2994 3473 3008 1506 2147 3530 3826 2324 120 3169 2011 362 1531 4501 1502 4316 2809 1670 2585 2534 2317 1866 3404 3444 1862 1623 1643 3650 3466 22 4582 1525 3963 1408 133 662 686 859 1517 1901 2673 1291 4091 1551 265 1714 1686 3784 347 4290 1262 3967 3252 899 2656 4507 648 1554 4591 2884 959 4045 4210 3812 1073 2837 855 1613 2800 1088 44 410 2580 4718 4576 4518 723 3113 2672 2881 4552 4096 511 2014 1218 4037 1818 2631 1187 1901 1517 859 686 662 133 1408 3963 1525 881 3877 4517 3106 4510 1591 2953 4711 4388 3103 1130 715 2077 1547 4502 2378 1008 2746 3129 3548 3802 4456 861 1968 4346 637 910 1743 4427 389 372 4568 2175 3755 3985 676 495 4059 3203 465 920 3251 41 4591 2884 4031 600 4291 2917 4032 2647 2487 395 32 4266 2588 3878 1924 2565 209 1369 1277 4314 2329 1941 367 1353 2387 486 3047 2518 3605 3058 3217 689 3615 1934 244 2267 4804 3778 3186 1302 2467 3891 3475 1347 3094 4403 1375 2361 3649 854 4735 2934 3026 4784 2191 1992 2784 2190 4160 712 753 524 4319 2950 1041 625 2307 1924 2565 209 1369 2018 993 1378 4095 4111 3239 1909 391 1050 475 3318 1239 2076 3662 2132 4491 2437 4367 4354 108 1273 4648 2500 4279 22 3466 798 2391 1787 3140 2918 4153 3011 291 2178 3222 2726 211 79 3146 2187 464 3670 1175 2832 3054 4083 3633 645 3482 306 2442 811 4992 2803 982 266 3156 2018 993 1378 4095 4111 3239 1909 3730 3741 4844 1005 3235 1991 3107 1482 3235 3977 3243 2577 1561 151 1751 300 250 2609 738 2517 2494 333 2242 782 4149 4175 3646 2613 2105 407 192 4992 4752 761 2428 1455 1199 4464 1056 1809 2105 2613 3646 4175 4149 4461 4905 966 2258 1505 2547 2780 4381 3863 2135 4836 2385 1760 3608 4916 1244 2584 1778 644 4875 1171 2992 984 1308 2273 3080 1601 3774 1079 629 2163 4577 4609 1816 2413 4493 2309 3082 2324 1896 2407 727 2093 2931 1287 2499 185 617 4591 4381 2780 2641 1237 1006 1157 1930 596 263 3682 4315 4467 2579 1571 2036 3462 2342 2907 3653 3392 4090 2476 799 3077 1088 3109 365 14 4766 2442 4868 3660 3097 2526 4213 4244 827 3610 2770 1175 1407 3515 2404 4466 3931 1324 2318 2537 769 770 3097 2859 2427 3046 2472 1548 4602 254 4126 4552 4080 616 1179 4675 3974 4485 4608 949 4649 2524 4454 1780 859 782 523 4365 3875 591 1288 2382 1964 1994 463 4347 3528 2991 3498 4615 3975 1007 659 919 1486 4523 3122 1882 1802 4902 3515 1407 1175 2770 3610 827 4244 4213 2526 3097 3660 4868 4585 4469 4489 4166 329 869 2600 2760 1878 4388 4076 844 4695 688 1335 3585 2890 3391 3035 3234 1467 4683 3638 4794 3487 4232 2914 1533 1225 2654 122 4935 2643 3185 2659 1426 3205 152 2373 2192 2372 2807 4048 2522 2264 3392 4090 2476 799 3077 1088 3109 365 14 4766 2442 4868 3660 3097 2526 4213 4244 827 3610 2770 1175 1407 3515 4902 1802 1882 3122 4523 1486 3611 3934 338 3408 4060 195 2484 4395 2263 1750 3187 1336 4667 4871 4286 2911 2310 4700 682 1692 2868 966 4905 4461 4149 782 859 1780 4454 2524 4649 949 4608 4485 3974 4675 1179 616 4080 4552 4126 254 4602 1548 2472 3046 2427 2985 4144 
731


start: Kruskal spanning tree approach
 Time reqd for Kruskal spanning tree approach = 0.007948
4286 2911 2310 4700 682 1692 2868 966 4905 4461 4149 782 859 1780 4454 2524 4649 949 4608 4485 3974 4675 1179 616 4080 4552 4126 254 4602 1548 2472 3046 2427 2985 4144 
731






start: Naive Dijkstra's approach
 Time reqd for Naive Dijkstra's approach = 0.106711
470 1187 1901 1517 859 686 662 133 1408 3963 1525 881 1032 834 3349 893 1417 3093 2993 2835 3378 176 1342 286 492 2654 3439 865 3536 4893 2744 4163 318 3172 4675 538 368 233 911 1347 3094 630 1083 737 430 1765 1294 478 2049 773 1757 551 1486 829 1948 2239 682 1781 1419 1440 1534 1927 632 1987 1040 873 2079 2090 1411 940 1522 1707 437 864 1636 2274 1002 452 2188 2065 4978 2258 3519 1388 1207 2826 499 934 3086 3857 2512 1681 2240 85 1270 1419 1781 682 400 117 2472 724 3046 2145 2235 1158 478 1294 2391 798 2386 1056 3466 22 4582 1525 881 1032 834 3349 893 1417 3093 2993 2835 3378 176 1342 2042 3182 2089 3027 2490 3813 4672 2382 2539 352 3155 3436 1195 1723 1706 3893 181 980 3184 4762 115 710 1906 3890 1523 4236 4744 1769 1086 1647 1888 350 616 788 1509 2343 1982 637 910 1743 1446 1714 265 1551 133 1408 343 1039 655 362 581 1004 2377 1707 1522 2133 78 1608 661 2585 2534 2317 1866 3404 3444 1862 1623 1643 3650 3466 22 4582 1525 881 1032 834 3349 893 1417 3093 2993 2835 1262 3967 3252 899 2656 4507 648 1554 3543 4031 2884 959 4045 4210 3812 1073 2837 855 1613 2800 1088 44 410 2580 4718 4576 4518 723 3113 2672 2881 4552 4096 511 2014 1218 4037 1818 2631 1187 1901 1517 859 686 662 133 1408 3963 1525 881 3877 4517 3106 4510 1591 2953 4711 4388 3103 1130 715 2077 865 3439 2654 492 286 1342 2042 3182 2089 3027 2490 79 3146 2913 1356 507 1643 3650 3466 798 449 3329 1043 3246 3189 1873 3420 1571 599 2420 1120 2159 422 768 2690 3649 2361 1375 2514 1395 3944 544 3566 2582 2838 483 2951 557 2646 3502 2782 4314 2329 1941 367 1353 2387 486 3047 2518 3605 3058 3217 689 3615 1934 244 2267 4804 3778 3186 1302 2467 3891 3475 1347 3094 4403 1375 2361 3649 2690 768 422 2159 1120 2420 599 1571 3420 1873 3189 3246 1043 3329 449 798 3466 3650 1643 507 1356 2913 3146 79 1418 2819 2205 3318 1239 4266 2588 3878 1924 2565 209 1369 2018 993 1378 4095 4111 3239 1909 391 1050 475 3318 2205 2819 1418 2491 1158 478 1294 2391 798 2386 885 1134 1370 68 144 2711 1290 622 1152 2472 117 400 682 2239 1948 2242 2403 2223 1552 1786 288 1534 1927 2126 783 851 2213 499 2826 1207 1635 2441 1093 775 342 1104 2609 379 412 470 1187 1901 1517 859 686 662 133 1408 856 43 2555 2988 2216 28 2006 2565 209 1369 2018 993 1378 4095 4111 3239 1909 3730 3741 4844 1005 3235 1991 3107 1482 3235 3977 3243 2577 1561 852 1175 663 2967 1703 1173 2505 715 1829 1892 2162 330 1598 1447 191 1287 2499 185 617 2231 1851 835 1798 1378 169 1087 1486 477 648 1033 1903 2378 2835 756 2096 2113 3348 2203 2048 4464 1056 1809 2105 407 192 2466 416 442 1092 629 2163 4577 4609 1816 944 2008 2541 829 225 1140 1873 1930 1157 1006 1237 92 587 1430 1107 75 1155 1520 1127 1204 305 256 224 1528 512 177 1385 383 110 2840 198 80 1253 1689 1854 437 478 2036 3462 2342 2907 3653 3392 4090 2476 799 3077 1088 3109 365 14 4766 2442 4868 3660 3097 2526 4213 4244 827 3610 2770 1175 1407 3515 2404 4466 3931 1324 2318 2537 769 770 3097 2859 2427 3046 2472 1548 4602 254 4126 4552 4080 616 1179 4675 3974 4485 4608 949 4649 2524 4454 1780 859 782 523 4365 3875 591 1288 2382 1964 1994 463 4347 3528 2991 3498 4615 3975 1007 659 919 1486 4523 3122 1882 1802 4902 3515 1407 1175 2770 3610 827 4244 4213 2526 3097 3660 4868 4585 4469 4489 4166 329 869 2600 2760 1878 4388 4076 844 4695 688 1335 3585 2890 3391 3035 3234 1467 4683 3638 2468 3549 2626 2830 3274 1965 2307 1023 406 1875 3504 260 2528 1233 2605 3600 1352 2700 646 957 1655 2140 3147 4332 1868 2158 1357 2111 4467 4315 361 3357 711 3606 3157 4228 2946 770 3097 2526 4179 1929 2254 905 2663 172 2145 3907 2245 2471 452 206 2408 2130 1169 3239 608 1418 1231 2674 3211 449 2780 2547 1505 1852 1647 1964 1994 463 1589 3746 2751 1426 3205 152 2373 2192 2372 2807 4048 2522 2264 3392 4090 2476 799 3077 1088 3109 365 14 4766 2442 4868 3660 3097 2526 4213 4244 827 3610 2770 1175 1407 3515 4902 1802 1882 3122 4523 1486 3611 3934 338 3408 4060 195 2484 4395 2263 1750 3187 1336 4667 4871 4286 2911 2310 4700 682 1692 2868 966 4905 4461 4149 782 859 1780 4454 2524 4649 949 4608 4485 3974 4675 1179 616 4080 4552 4126 254 4602 1548 2472 3046 2427 2985 4144 3831 2821 3875 591 1288 2382 1964 1647 1852 1505 2258 966 2868 3878 3896 2242 333 1596 3069 1648 1865 1010 944 2008 2541 3388 848 4706 983 1232 350 4943 4789 4923 2184 3247 4168 3420 
795


start: Dijkstra's Heap approach
 Time reqd for Dijkstra's Heap approach = 0.004949
470 1187 1901 2673 1291 4091 1551 265 1714 3768 155 1730 1172 3756 3213 4987 4290 1262 2835 3378 176 1342 286 492 2654 3439 865 3536 4893 2744 4163 318 3172 4675 538 368 4335 2484 2888 2128 890 4193 88 1215 832 2188 2065 4978 2258 3519 1388 1207 2500 4279 22 3466 798 2386 1056 3466 22 4582 1525 881 1032 834 3349 893 1417 3093 2993 2835 3378 176 1342 2042 3182 2089 3027 2490 3813 4672 2382 2539 352 3155 3436 1195 1723 1706 3893 181 980 3184 4762 115 710 1906 3890 1523 4236 4744 1769 2399 4610 849 1898 4208 3139 3689 1910 3348 4572 3961 2934 4735 854 3649 2690 4205 510 2994 3473 3008 1506 2147 3530 3826 2324 120 3169 2011 362 1531 4501 1502 4316 2809 1670 2585 2534 2317 1866 3404 3444 1862 1623 1643 3650 3466 22 4582 1525 3963 1408 133 662 686 859 1517 1901 2673 1291 4091 1551 265 1714 1686 3784 347 4290 1262 3967 3252 899 2656 4507 648 1554 4591 2884 959 4045 4210 3812 1073 2837 855 1613 2800 1088 44 410 2580 4718 4576 4518 723 3113 2672 2881 4552 4096 511 2014 1218 4037 1818 2631 1187 1901 1517 859 686 662 133 1408 3963 1525 881 3877 4517 3106 4510 1591 2953 4711 4388 3103 1130 715 2077 1547 4502 2378 1008 2746 3129 3548 3802 4456 861 1968 4346 637 910 1743 4427 389 372 4568 2175 3755 3985 676 495 4059 3203 465 920 3251 41 4591 2884 4031 600 4291 2917 4032 2647 2487 395 32 4266 2588 3878 1924 2565 209 1369 1277 4314 2329 1941 367 1353 2387 486 3047 2518 3605 3058 3217 689 3615 1934 244 2267 4804 3778 3186 1302 2467 3891 3475 1347 3094 4403 1375 2361 3649 854 4735 2934 3026 4784 2191 1992 2784 2190 4160 712 753 524 4319 2950 1041 625 2307 1924 2565 209 1369 2018 993 1378 4095 4111 3239 1909 391 1050 475 3318 1239 2076 3662 2132 4491 2437 4367 4354 108 1273 4648 2500 4279 22 3466 798 2391 1787 3140 2918 4153 3011 291 2178 3222 2726 211 79 3146 2187 464 3670 1175 2832 3054 4083 3633 645 3482 306 2442 811 4992 2803 982 266 3156 2018 993 1378 4095 4111 3239 1909 3730 3741 4844 1005 3235 1991 3107 1482 3235 3977 3243 2577 1561 151 1751 300 250 2609 738 2517 2494 333 2242 782 4149 4175 3646 2613 2105 407 192 4992 4752 761 2428 1455 1199 4464 1056 1809 2105 2613 3646 4175 4149 4461 4905 966 2258 1505 2547 2780 4381 3863 2135 4836 2385 1760 3608 4916 1244 2584 1778 644 4875 1171 2992 984 1308 2273 3080 1601 3774 1079 629 2163 4577 4609 1816 2413 4493 2309 3082 2324 1896 2407 727 2093 2931 1287 2499 185 617 4591 4381 2780 2641 1237 1006 1157 1930 596 263 3682 4315 4467 2579 1571 2036 3462 2342 2907 3653 3392 4090 2476 799 3077 1088 3109 365 14 4766 2442 4868 3660 3097 2526 4213 4244 827 3610 2770 1175 1407 3515 2404 4466 3931 1324 2318 2537 769 770 3097 2859 2427 3046 2472 1548 4602 254 4126 4552 4080 616 1179 4675 3974 4485 4608 949 4649 2524 4454 1780 859 782 523 4365 3875 591 1288 2382 1964 1994 463 4347 3528 2991 3498 4615 3975 1007 659 919 1486 4523 3122 1882 1802 4902 3515 1407 1175 2770 3610 827 4244 4213 2526 3097 3660 4868 4585 4469 4489 4166 329 869 2600 2760 1878 4388 4076 844 4695 688 1335 3585 2890 3391 3035 3234 1467 4683 3638 4794 3487 4232 2914 1533 1225 2654 122 4935 2643 3185 2659 1426 3205 152 2373 2192 2372 2807 4048 2522 2264 3392 4090 2476 799 3077 1088 3109 365 14 4766 2442 4868 3660 3097 2526 4213 4244 827 3610 2770 1175 1407 3515 4902 1802 1882 3122 4523 1486 3611 3934 338 3408 4060 195 2484 4395 2263 1750 3187 1336 4667 4871 4286 2911 2310 4700 682 1692 2868 966 4905 4461 4149 782 859 1780 4454 2524 4649 949 4608 4485 3974 4675 1179 616 4080 4552 4126 254 4602 1548 2472 3046 2427 2985 4144 3831 2821 3875 4365 523 782 4149 4461 4905 966 2868 3878 3896 2242 333 1596 3069 1648 1865 1010 944 2008 2541 3388 848 4706 983 1232 350 4943 4789 4923 2184 3247 4168 3420 
795


start: Kruskal spanning tree approach
 Time reqd for Kruskal spanning tree approach = 0.011707
3831 2821 3875 4365 523 782 859 1780 4454 2524 4649 949 4608 4485 3974 4675 1179 616 4080 4552 4126 254 4602 1548 2472 3046 2427 2859 3097 770 769 2537 4721 3565 2658 3116 3311 4497 2541 3388 848 4706 983 1232 350 4943 4789 4923 2184 3247 4168 3420 
795




