

start: Finding maximum spanning tree
 Time reqd for Finding maximum spanning tree = 0.069667


start: Naive Dijkstra's approach
 Time reqd for Naive Dijkstra's approach = 0.08938
470 1187 1901 1517 859 686 662 133 1408 3963 1525 881 1032 834 3349 893 1417 3093 2993 2835 3378 176 1342 286 492 2654 3439 865 3536 4893 2744 4163 318 3172 4675 
824


start: Dijkstra's Heap approach
 Time reqd for Dijkstra's Heap approach = 0.004346
470 1187 1901 2673 1291 4091 1551 265 1714 3768 155 1730 1172 3756 3213 4987 4290 1262 2835 3378 176 1342 286 492 2654 3439 865 3536 4893 2744 4163 318 3172 4675 
824


start: Kruskal spanning tree approach
 Time reqd for Kruskal spanning tree approach = 0.008901
470 1187 1901 1517 859 686 662 133 1408 3963 1525 881 1032 834 3349 893 1417 3093 2993 2835 3378 176 1342 286 492 2654 3439 865 3536 4893 2744 4163 318 3172 4675 
824






start: Naive Dijkstra's approach
 Time reqd for Naive Dijkstra's approach = 0.098012
470 1187 1901 1517 859 686 662 133 1408 3963 1525 881 1032 834 3349 893 1417 3093 2993 2835 3378 176 1342 286 492 2654 3439 865 3536 4893 2744 4163 318 3172 4675 538 368 233 911 1347 3094 630 1083 737 430 1765 1294 478 2049 773 1757 551 1486 829 1948 2239 682 1781 1419 1440 1534 1927 632 1987 1040 873 2079 2090 1411 940 1522 1707 437 864 1636 2274 1002 452 2188 2065 4978 2258 
728


start: Dijkstra's Heap approach
 Time reqd for Dijkstra's Heap approach = 0.004838
470 1187 1901 2673 1291 4091 1551 265 1714 3768 155 1730 1172 3756 3213 4987 4290 1262 2835 3378 176 1342 286 492 2654 3439 865 3536 4893 2744 4163 318 3172 4675 538 368 4335 2484 2888 2128 890 4193 88 1215 832 2188 2065 4978 2258 
728


start: Kruskal spanning tree approach
 Time reqd for Kruskal spanning tree approach = 0.008017
538 368 4335 1550 2568 4803 2215 1689 985 3402 372 389 4427 2823 188 1004 3751 2971 583 3343 954 2435 778 2853 1723 1195 3436 3155 352 2539 2382 4672 3813 2490 3027 2089 3182 2042 1342 286 492 2654 3439 865 2077 2818 1722 4594 2169 1392 4978 2258 
728






start: Naive Dijkstra's approach
 Time reqd for Naive Dijkstra's approach = 0.001406
470 1187 1901 1517 859 686 662 133 1408 3963 1525 881 1032 834 3349 893 1417 3093 2993 2835 3378 176 1342 286 492 2654 3439 865 3536 4893 2744 4163 318 3172 4675 538 368 233 911 1347 3094 630 1083 737 430 1765 1294 478 2049 773 1757 551 1486 829 1948 2239 682 1781 1419 1440 1534 1927 632 1987 1040 873 2079 2090 1411 940 1522 1707 437 864 1636 2274 1002 452 2188 2065 4978 2258 3519 1388 1207 2826 499 934 3086 3857 2512 1681 2240 85 1270 1419 1781 682 400 117 2472 724 3046 2145 2235 1158 478 1294 2391 798 2386 1056 
805


start: Dijkstra's Heap approach
 Time reqd for Dijkstra's Heap approach = 0.000286
470 1187 1901 2673 1291 4091 1551 265 1714 3768 155 1730 1172 3756 3213 4987 4290 1262 2835 3378 176 1342 286 492 2654 3439 865 3536 4893 2744 4163 318 3172 4675 538 368 4335 2484 2888 2128 890 4193 88 1215 832 2188 2065 4978 2258 3519 1388 1207 2500 4279 22 3466 798 2386 1056 
805


start: Kruskal spanning tree approach
 Time reqd for Kruskal spanning tree approach = 0.008087
3519 1388 1207 2500 4279 22 3466 798 449 3329 1043 3246 3189 1873 3420 1571 599 2420 1120 2159 422 4006 680 2208 3463 2594 3132 1056 
805






start: Naive Dijkstra's approach
 Time reqd for Naive Dijkstra's approach = 0.120795
470 1187 1901 1517 859 686 662 133 1408 3963 1525 881 1032 834 3349 893 1417 3093 2993 2835 3378 176 1342 286 492 2654 3439 865 3536 4893 2744 4163 318 3172 4675 538 368 233 911 1347 3094 630 1083 737 430 1765 1294 478 2049 773 1757 551 1486 829 1948 2239 682 1781 1419 1440 1534 1927 632 1987 1040 873 2079 2090 1411 940 1522 1707 437 864 1636 2274 1002 452 2188 2065 4978 2258 3519 1388 1207 2826 499 934 3086 3857 2512 1681 2240 85 1270 1419 1781 682 400 117 2472 724 3046 2145 2235 1158 478 1294 2391 798 2386 1056 3466 22 4582 1525 881 1032 834 3349 893 1417 3093 2993 2835 3378 176 1342 2042 3182 2089 3027 2490 3813 4672 2382 2539 352 3155 3436 1195 1723 1706 3893 181 980 3184 4762 115 710 1906 3890 1523 4236 
739


start: Dijkstra's Heap approach
 Time reqd for Dijkstra's Heap approach = 0.005529
470 1187 1901 2673 1291 4091 1551 265 1714 3768 155 1730 1172 3756 3213 4987 4290 1262 2835 3378 176 1342 286 492 2654 3439 865 3536 4893 2744 4163 318 3172 4675 538 368 4335 2484 2888 2128 890 4193 88 1215 832 2188 2065 4978 2258 3519 1388 1207 2500 4279 22 3466 798 2386 1056 3466 22 4582 1525 881 1032 834 3349 893 1417 3093 2993 2835 3378 176 1342 2042 3182 2089 3027 2490 3813 4672 2382 2539 352 3155 3436 1195 1723 1706 3893 181 980 3184 4762 115 710 1906 3890 1523 4236 
739


start: Kruskal spanning tree approach
 Time reqd for Kruskal spanning tree approach = 0.01028
3466 22 4582 1525 881 1032 834 3349 893 1417 3093 2993 2835 3378 176 1342 2042 3182 2089 3027 2490 3813 4672 2382 2539 352 3155 3436 1195 1723 1706 3893 181 980 3184 4762 115 710 1906 3890 1523 4236 
739






start: Naive Dijkstra's approach
 Time reqd for Naive Dijkstra's approach = 0.023438
470 1187 1901 1517 859 686 662 133 1408 3963 1525 881 1032 834 3349 893 1417 3093 2993 2835 3378 176 1342 286 492 2654 3439 865 3536 4893 2744 4163 318 3172 4675 538 368 233 911 1347 3094 630 1083 737 430 1765 1294 478 2049 773 1757 551 1486 829 1948 2239 682 1781 1419 1440 1534 1927 632 1987 1040 873 2079 2090 1411 940 1522 1707 437 864 1636 2274 1002 452 2188 2065 4978 2258 3519 1388 1207 2826 499 934 3086 3857 2512 1681 2240 85 1270 1419 1781 682 400 117 2472 724 3046 2145 2235 1158 478 1294 2391 798 2386 1056 3466 22 4582 1525 881 1032 834 3349 893 1417 3093 2993 2835 3378 176 1342 2042 3182 2089 3027 2490 3813 4672 2382 2539 352 3155 3436 1195 1723 1706 3893 181 980 3184 4762 115 710 1906 3890 1523 4236 4744 1769 1086 1647 1888 350 616 788 1509 2343 1982 637 910 1743 1446 1714 265 1551 133 1408 343 1039 655 362 581 1004 2377 1707 1522 2133 78 1608 661 2585 
749


start: Dijkstra's Heap approach
 Time reqd for Dijkstra's Heap approach = 0.004255
470 1187 1901 2673 1291 4091 1551 265 1714 3768 155 1730 1172 3756 3213 4987 4290 1262 2835 3378 176 1342 286 492 2654 3439 865 3536 4893 2744 4163 318 3172 4675 538 368 4335 2484 2888 2128 890 4193 88 1215 832 2188 2065 4978 2258 3519 1388 1207 2500 4279 22 3466 798 2386 1056 3466 22 4582 1525 881 1032 834 3349 893 1417 3093 2993 2835 3378 176 1342 2042 3182 2089 3027 2490 3813 4672 2382 2539 352 3155 3436 1195 1723 1706 3893 181 980 3184 4762 115 710 1906 3890 1523 4236 4744 1769 2399 4610 849 1898 4208 3139 3689 1910 3348 4572 3961 2934 4735 854 3649 2690 4205 510 2994 3473 3008 1506 2147 3530 3826 2324 120 3169 2011 362 1531 4501 1502 4316 2809 1670 2585 
749


start: Kruskal spanning tree approach
 Time reqd for Kruskal spanning tree approach = 0.007539
4744 1769 1086 1647 4983 4458 1068 1377 2679 4871 2275 461 273 126 1727 1547 2077 865 3536 4893 2744 3569 2623 4316 2809 1670 2585 
749






start: Naive Dijkstra's approach
 Time reqd for Naive Dijkstra's approach = 0.041274
470 1187 1901 1517 859 686 662 133 1408 3963 1525 881 1032 834 3349 893 1417 3093 2993 2835 3378 176 1342 286 492 2654 3439 865 3536 4893 2744 4163 318 3172 4675 538 368 233 911 1347 3094 630 1083 737 430 1765 1294 478 2049 773 1757 551 1486 829 1948 2239 682 1781 1419 1440 1534 1927 632 1987 1040 873 2079 2090 1411 940 1522 1707 437 864 1636 2274 1002 452 2188 2065 4978 2258 3519 1388 1207 2826 499 934 3086 3857 2512 1681 2240 85 1270 1419 1781 682 400 117 2472 724 3046 2145 2235 1158 478 1294 2391 798 2386 1056 3466 22 4582 1525 881 1032 834 3349 893 1417 3093 2993 2835 3378 176 1342 2042 3182 2089 3027 2490 3813 4672 2382 2539 352 3155 3436 1195 1723 1706 3893 181 980 3184 4762 115 710 1906 3890 1523 4236 4744 1769 1086 1647 1888 350 616 788 1509 2343 1982 637 910 1743 1446 1714 265 1551 133 1408 343 1039 655 362 581 1004 2377 1707 1522 2133 78 1608 661 2585 2534 2317 1866 3404 3444 1862 1623 1643 3650 3466 22 4582 1525 881 1032 834 3349 893 1417 3093 2993 2835 1262 3967 3252 899 2656 4507 648 1554 3543 4031 2884 959 4045 4210 3812 1073 2837 855 1613 2800 1088 44 410 2580 4718 4576 4518 723 3113 2672 2881 4552 4096 511 2014 1218 
856


start: Dijkstra's Heap approach
 Time reqd for Dijkstra's Heap approach = 0.002297
470 1187 1901 2673 1291 4091 1551 265 1714 3768 155 1730 1172 3756 3213 4987 4290 1262 2835 3378 176 1342 286 492 2654 3439 865 3536 4893 2744 4163 318 3172 4675 538 368 4335 2484 2888 2128 890 4193 88 1215 832 2188 2065 4978 2258 3519 1388 1207 2500 4279 22 3466 798 2386 1056 3466 22 4582 1525 881 1032 834 3349 893 1417 3093 2993 2835 3378 176 1342 2042 3182 2089 3027 2490 3813 4672 2382 2539 352 3155 3436 1195 1723 1706 3893 181 980 3184 4762 115 710 1906 3890 1523 4236 4744 1769 2399 4610 849 1898 4208 3139 3689 1910 3348 4572 3961 2934 4735 854 3649 2690 4205 510 2994 3473 3008 1506 2147 3530 3826 2324 120 3169 2011 362 1531 4501 1502 4316 2809 1670 2585 2534 2317 1866 3404 3444 1862 1623 1643 3650 3466 22 4582 1525 3963 1408 133 662 686 859 1517 1901 2673 1291 4091 1551 265 1714 1686 3784 347 4290 1262 3967 3252 899 2656 4507 648 1554 4591 2884 959 4045 4210 3812 1073 2837 855 1613 2800 1088 44 410 2580 4718 4576 4518 723 3113 2672 2881 4552 4096 511 2014 1218 
856


start: Kruskal spanning tree approach
 Time reqd for Kruskal spanning tree approach = 0.010979
2534 2317 1866 3404 3444 1862 1623 1643 3650 3466 22 4582 1525 881 1032 834 3349 893 1417 3093 2993 2835 1262 3967 3252 899 2656 4507 648 1554 4591 2884 959 4045 4210 3812 1073 2837 855 1613 2800 1088 44 410 2580 4718 4576 4518 723 3113 2672 2881 4552 4096 511 2014 1218 
856






start: Naive Dijkstra's approach
 Time reqd for Naive Dijkstra's approach = 0.07518
470 1187 1901 1517 859 686 662 133 1408 3963 1525 881 1032 834 3349 893 1417 3093 2993 2835 3378 176 1342 286 492 2654 3439 865 3536 4893 2744 4163 318 3172 4675 538 368 233 911 1347 3094 630 1083 737 430 1765 1294 478 2049 773 1757 551 1486 829 1948 2239 682 1781 1419 1440 1534 1927 632 1987 1040 873 2079 2090 1411 940 1522 1707 437 864 1636 2274 1002 452 2188 2065 4978 2258 3519 1388 1207 2826 499 934 3086 3857 2512 1681 2240 85 1270 1419 1781 682 400 117 2472 724 3046 2145 2235 1158 478 1294 2391 798 2386 1056 3466 22 4582 1525 881 1032 834 3349 893 1417 3093 2993 2835 3378 176 1342 2042 3182 2089 3027 2490 3813 4672 2382 2539 352 3155 3436 1195 1723 1706 3893 181 980 3184 4762 115 710 1906 3890 1523 4236 4744 1769 1086 1647 1888 350 616 788 1509 2343 1982 637 910 1743 1446 1714 265 1551 133 1408 343 1039 655 362 581 1004 2377 1707 1522 2133 78 1608 661 2585 2534 2317 1866 3404 3444 1862 1623 1643 3650 3466 22 4582 1525 881 1032 834 3349 893 1417 3093 2993 2835 1262 3967 3252 899 2656 4507 648 1554 3543 4031 2884 959 4045 4210 3812 1073 2837 855 1613 2800 1088 44 410 2580 4718 4576 4518 723 3113 2672 2881 4552 4096 511 2014 1218 4037 1818 2631 1187 1901 1517 859 686 662 133 1408 3963 1525 881 3877 4517 3106 4510 1591 2953 
838


start: Dijkstra's Heap approach
 Time reqd for Dijkstra's Heap approach = 0.003628
470 1187 1901 2673 1291 4091 1551 265 1714 3768 155 1730 1172 3756 3213 4987 4290 1262 2835 3378 176 1342 286 492 2654 3439 865 3536 4893 2744 4163 318 3172 4675 538 368 4335 2484 2888 2128 890 4193 88 1215 832 2188 2065 4978 2258 3519 1388 1207 2500 4279 22 3466 798 2386 1056 3466 22 4582 1525 881 1032 834 3349 893 1417 3093 2993 2835 3378 176 1342 2042 3182 2089 3027 2490 3813 4672 2382 2539 352 3155 3436 1195 1723 1706 3893 181 980 3184 4762 115 710 1906 3890 1523 4236 4744 1769 2399 4610 849 1898 4208 3139 3689 1910 3348 4572 3961 2934 4735 854 3649 2690 4205 510 2994 3473 3008 1506 2147 3530 3826 2324 120 3169 2011 362 1531 4501 1502 4316 2809 1670 2585 2534 2317 1866 3404 3444 1862 1623 1643 3650 3466 22 4582 1525 3963 1408 133 662 686 859 1517 1901 2673 1291 4091 1551 265 1714 1686 3784 347 4290 1262 3967 3252 899 2656 4507 648 1554 4591 2884 959 4045 4210 3812 1073 2837 855 1613 2800 1088 44 410 2580 4718 4576 4518 723 3113 2672 2881 4552 4096 511 2014 1218 4037 1818 2631 1187 1901 1517 859 686 662 133 1408 3963 1525 881 3877 4517 3106 4510 1591 2953 
838


start: Kruskal spanning tree approach
 Time reqd for Kruskal spanning tree approach = 0.007253
4037 1818 2631 1187 1901 1517 859 686 662 133 1408 3963 1525 881 3877 4517 3106 4510 1591 2953 
838






start: Naive Dijkstra's approach
 Time reqd for Naive Dijkstra's approach = 0.121103
470 1187 1901 1517 859 686 662 133 1408 3963 1525 881 1032 834 3349 893 1417 3093 2993 2835 3378 176 1342 286 492 2654 3439 865 3536 4893 2744 4163 318 3172 4675 538 368 233 911 1347 3094 630 1083 737 430 1765 1294 478 2049 773 1757 551 1486 829 1948 2239 682 1781 1419 1440 1534 1927 632 1987 1040 873 2079 2090 1411 940 1522 1707 437 864 1636 2274 1002 452 2188 2065 4978 2258 3519 1388 1207 2826 499 934 3086 3857 2512 1681 2240 85 1270 1419 1781 682 400 117 2472 724 3046 2145 2235 1158 478 1294 2391 798 2386 1056 3466 22 4582 1525 881 1032 834 3349 893 1417 3093 2993 2835 3378 176 1342 2042 3182 2089 3027 2490 3813 4672 2382 2539 352 3155 3436 1195 1723 1706 3893 181 980 3184 4762 115 710 1906 3890 1523 4236 4744 1769 1086 1647 1888 350 616 788 1509 2343 1982 637 910 1743 1446 1714 265 1551 133 1408 343 1039 655 362 581 1004 2377 1707 1522 2133 78 1608 661 2585 2534 2317 1866 3404 3444 1862 1623 1643 3650 3466 22 4582 1525 881 1032 834 3349 893 1417 3093 2993 2835 1262 3967 3252 899 2656 4507 648 1554 3543 4031 2884 959 4045 4210 3812 1073 2837 855 1613 2800 1088 44 410 2580 4718 4576 4518 723 3113 2672 2881 4552 4096 511 2014 1218 4037 1818 2631 1187 1901 1517 859 686 662 133 1408 3963 1525 881 3877 4517 3106 4510 1591 2953 4711 4388 3103 1130 715 2077 865 3439 2654 492 286 1342 2042 3182 2089 3027 2490 79 3146 2913 1356 507 1643 3650 3466 798 449 3329 1043 3246 3189 1873 3420 1571 599 2420 1120 2159 422 768 2690 3649 2361 1375 2514 1395 3944 544 3566 2582 2838 483 2951 557 2646 3502 2782 4314 2329 1941 367 1353 2387 486 3047 2518 3605 3058 3217 689 
794


start: Dijkstra's Heap approach
 Time reqd for Dijkstra's Heap approach = 0.00505
470 1187 1901 2673 1291 4091 1551 265 1714 3768 155 1730 1172 3756 3213 4987 4290 1262 2835 3378 176 1342 286 492 2654 3439 865 3536 4893 2744 4163 318 3172 4675 538 368 4335 2484 2888 2128 890 4193 88 1215 832 2188 2065 4978 2258 3519 1388 1207 2500 4279 22 3466 798 2386 1056 3466 22 4582 1525 881 1032 834 3349 893 1417 3093 2993 2835 3378 176 1342 2042 3182 2089 3027 2490 3813 4672 2382 2539 352 3155 3436 1195 1723 1706 3893 181 980 3184 4762 115 710 1906 3890 1523 4236 4744 1769 2399 4610 849 1898 4208 3139 3689 1910 3348 4572 3961 2934 4735 854 3649 2690 4205 510 2994 3473 3008 1506 2147 3530 3826 2324 120 3169 2011 362 1531 4501 1502 4316 2809 1670 2585 2534 2317 1866 3404 3444 1862 1623 1643 3650 3466 22 4582 1525 3963 1408 133 662 686 859 1517 1901 2673 1291 4091 1551 265 1714 1686 3784 347 4290 1262 3967 3252 899 2656 4507 648 1554 4591 2884 959 4045 4210 3812 1073 2837 855 1613 2800 1088 44 410 2580 4718 4576 4518 723 3113 2672 2881 4552 4096 511 2014 1218 4037 1818 2631 1187 1901 1517 859 686 662 133 1408 3963 1525 881 3877 4517 3106 4510 1591 2953 4711 4388 3103 1130 715 2077 1547 4502 2378 1008 2746 3129 3548 3802 4456 861 1968 4346 637 910 1743 4427 389 372 4568 2175 3755 3985 676 495 4059 3203 465 920 3251 41 4591 2884 4031 600 4291 2917 4032 2647 2487 395 32 4266 2588 3878 1924 2565 209 1369 1277 4314 2329 1941 367 1353 2387 486 3047 2518 3605 3058 3217 689 
794


start: Kruskal spanning tree approach
 Time reqd for Kruskal spanning tree approach = 0.010506
4711 4388 3103 1130 715 2077 1547 1727 1499 4223 4964 4423 2132 3662 2076 1239 4266 2588 3878 1924 2565 209 1369 1277 4314 2329 1941 367 1353 2387 486 3047 2518 3605 3058 3217 689 
794






start: Naive Dijkstra's approach
 Time reqd for Naive Dijkstra's approach = 0.103917
470 1187 1901 1517 859 686 662 133 1408 3963 1525 881 1032 834 3349 893 1417 3093 2993 2835 3378 176 1342 286 492 2654 3439 865 3536 4893 2744 4163 318 3172 4675 538 368 233 911 1347 3094 630 1083 737 430 1765 1294 478 2049 773 1757 551 1486 829 1948 2239 682 1781 1419 1440 1534 1927 632 1987 1040 873 2079 2090 1411 940 1522 1707 437 864 1636 2274 1002 452 2188 2065 4978 2258 3519 1388 1207 2826 499 934 3086 3857 2512 1681 2240 85 1270 1419 1781 682 400 117 2472 724 3046 2145 2235 1158 478 1294 2391 798 2386 1056 3466 22 4582 1525 881 1032 834 3349 893 1417 3093 2993 2835 3378 176 1342 2042 3182 2089 3027 2490 3813 4672 2382 2539 352 3155 3436 1195 1723 1706 3893 181 980 3184 4762 115 710 1906 3890 1523 4236 4744 1769 1086 1647 1888 350 616 788 1509 2343 1982 637 910 1743 1446 1714 265 1551 133 1408 343 1039 655 362 581 1004 2377 1707 1522 2133 78 1608 661 2585 2534 2317 1866 3404 3444 1862 1623 1643 3650 3466 22 4582 1525 881 1032 834 3349 893 1417 3093 2993 2835 1262 3967 3252 899 2656 4507 648 1554 3543 4031 2884 959 4045 4210 3812 1073 2837 855 1613 2800 1088 44 410 2580 4718 4576 4518 723 3113 2672 2881 4552 4096 511 2014 1218 4037 1818 2631 1187 1901 1517 859 686 662 133 1408 3963 1525 881 3877 4517 3106 4510 1591 2953 4711 4388 3103 1130 715 2077 865 3439 2654 492 286 1342 2042 3182 2089 3027 2490 79 3146 2913 1356 507 1643 3650 3466 798 449 3329 1043 3246 3189 1873 3420 1571 599 2420 1120 2159 422 768 2690 3649 2361 1375 2514 1395 3944 544 3566 2582 2838 483 2951 557 2646 3502 2782 4314 2329 1941 367 1353 2387 486 3047 2518 3605 3058 3217 689 3615 1934 244 2267 4804 3778 3186 1302 2467 3891 3475 1347 3094 4403 1375 2361 3649 2690 768 422 2159 1120 2420 599 1571 3420 1873 3189 3246 1043 3329 449 798 3466 3650 1643 507 1356 2913 3146 79 1418 2819 2205 3318 1239 4266 2588 3878 1924 2565 209 1369 2018 993 1378 4095 4111 3239 1909 
810


start: Dijkstra's Heap approach
 Time reqd for Dijkstra's Heap approach = 0.004616
470 1187 1901 2673 1291 4091 1551 265 1714 3768 155 1730 1172 3756 3213 4987 4290 1262 2835 3378 176 1342 286 492 2654 3439 865 3536 4893 2744 4163 318 3172 4675 538 368 4335 2484 2888 2128 890 4193 88 1215 832 2188 2065 4978 2258 3519 1388 1207 2500 4279 22 3466 798 2386 1056 3466 22 4582 1525 881 1032 834 3349 893 1417 3093 2993 2835 3378 176 1342 2042 3182 2089 3027 2490 3813 4672 2382 2539 352 3155 3436 1195 1723 1706 3893 181 980 3184 4762 115 710 1906 3890 1523 4236 4744 1769 2399 4610 849 1898 4208 3139 3689 1910 3348 4572 3961 2934 4735 854 3649 2690 4205 510 2994 3473 3008 1506 2147 3530 3826 2324 120 3169 2011 362 1531 4501 1502 4316 2809 1670 2585 2534 2317 1866 3404 3444 1862 1623 1643 3650 3466 22 4582 1525 3963 1408 133 662 686 859 1517 1901 2673 1291 4091 1551 265 1714 1686 3784 347 4290 1262 3967 3252 899 2656 4507 648 1554 4591 2884 959 4045 4210 3812 1073 2837 855 1613 2800 1088 44 410 2580 4718 4576 4518 723 3113 2672 2881 4552 4096 511 2014 1218 4037 1818 2631 1187 1901 1517 859 686 662 133 1408 3963 1525 881 3877 4517 3106 4510 1591 2953 4711 4388 3103 1130 715 2077 1547 4502 2378 1008 2746 3129 3548 3802 4456 861 1968 4346 637 910 1743 4427 389 372 4568 2175 3755 3985 676 495 4059 3203 465 920 3251 41 4591 2884 4031 600 4291 2917 4032 2647 2487 395 32 4266 2588 3878 1924 2565 209 1369 1277 4314 2329 1941 367 1353 2387 486 3047 2518 3605 3058 3217 689 3615 1934 244 2267 4804 3778 3186 1302 2467 3891 3475 1347 3094 4403 1375 2361 3649 854 4735 2934 3026 4784 2191 1992 2784 2190 4160 712 753 524 4319 2950 1041 625 2307 1924 2565 209 1369 2018 993 1378 4095 4111 3239 1909 
810


start: Kruskal spanning tree approach
 Time reqd for Kruskal spanning tree approach = 0.010711
3615 1934 244 2267 4804 3778 3186 2474 4085 2492 954 2435 778 2853 1723 1195 3436 3155 352 2539 2382 4672 3813 2490 3027 2089 3182 2042 1342 286 492 2654 3439 865 2077 1547 1727 1499 4223 4964 4423 2132 3662 2076 1239 4266 2588 3878 1924 2565 209 1369 2018 993 1378 4095 4111 3239 1909 
810






start: Naive Dijkstra's approach
 Time reqd for Naive Dijkstra's approach = 0.096797
470 1187 1901 1517 859 686 662 133 1408 3963 1525 881 1032 834 3349 893 1417 3093 2993 2835 3378 176 1342 286 492 2654 3439 865 3536 4893 2744 4163 318 3172 4675 538 368 233 911 1347 3094 630 1083 737 430 1765 1294 478 2049 773 1757 551 1486 829 1948 2239 682 1781 1419 1440 1534 1927 632 1987 1040 873 2079 2090 1411 940 1522 1707 437 864 1636 2274 1002 452 2188 2065 4978 2258 3519 1388 1207 2826 499 934 3086 3857 2512 1681 2240 85 1270 1419 1781 682 400 117 2472 724 3046 2145 2235 1158 478 1294 2391 798 2386 1056 3466 22 4582 1525 881 1032 834 3349 893 1417 3093 2993 2835 3378 176 1342 2042 3182 2089 3027 2490 3813 4672 2382 2539 352 3155 3436 1195 1723 1706 3893 181 980 3184 4762 115 710 1906 3890 1523 4236 4744 1769 1086 1647 1888 350 616 788 1509 2343 1982 637 910 1743 1446 1714 265 1551 133 1408 343 1039 655 362 581 1004 2377 1707 1522 2133 78 1608 661 2585 2534 2317 1866 3404 3444 1862 1623 1643 3650 3466 22 4582 1525 881 1032 834 3349 893 1417 3093 2993 2835 1262 3967 3252 899 2656 4507 648 1554 3543 4031 2884 959 4045 4210 3812 1073 2837 855 1613 2800 1088 44 410 2580 4718 4576 4518 723 3113 2672 2881 4552 4096 511 2014 1218 4037 1818 2631 1187 1901 1517 859 686 662 133 1408 3963 1525 881 3877 4517 3106 4510 1591 2953 4711 4388 3103 1130 715 2077 865 3439 2654 492 286 1342 2042 3182 2089 3027 2490 79 3146 2913 1356 507 1643 3650 3466 798 449 3329 1043 3246 3189 1873 3420 1571 599 2420 1120 2159 422 768 2690 3649 2361 1375 2514 1395 3944 544 3566 2582 2838 483 2951 557 2646 3502 2782 4314 2329 1941 367 1353 2387 486 3047 2518 3605 3058 3217 689 3615 1934 244 2267 4804 3778 3186 1302 2467 3891 3475 1347 3094 4403 1375 2361 3649 2690 768 422 2159 1120 2420 599 1571 3420 1873 3189 3246 1043 3329 449 798 3466 3650 1643 507 1356 2913 3146 79 1418 2819 2205 3318 1239 4266 2588 3878 1924 2565 209 1369 2018 993 1378 4095 4111 3239 1909 391 1050 475 3318 2205 2819 1418 2491 1158 478 1294 2391 798 2386 885 1134 1370 68 144 2711 1290 622 1152 2472 117 400 682 2239 1948 2242 2403 2223 1552 1786 288 1534 1927 2126 783 851 2213 499 2826 1207 1635 2441 1093 775 342 1104 2609 379 412 470 1187 1901 1517 859 686 662 133 1408 856 43 2555 2988 2216 28 2006 2565 209 1369 2018 993 1378 4095 4111 3239 1909 3730 3741 4844 1005 3235 
789


start: Dijkstra's Heap approach
 Time reqd for Dijkstra's Heap approach = 0.003665
470 1187 1901 2673 1291 4091 1551 265 1714 3768 155 1730 1172 3756 3213 4987 4290 1262 2835 3378 176 1342 286 492 2654 3439 865 3536 4893 2744 4163 318 3172 4675 538 368 4335 2484 2888 2128 890 4193 88 1215 832 2188 2065 4978 2258 3519 1388 1207 2500 4279 22 3466 798 2386 1056 3466 22 4582 1525 881 1032 834 3349 893 1417 3093 2993 2835 3378 176 1342 2042 3182 2089 3027 2490 3813 4672 2382 2539 352 3155 3436 1195 1723 1706 3893 181 980 3184 4762 115 710 1906 3890 1523 4236 4744 1769 2399 4610 849 1898 4208 3139 3689 1910 3348 4572 3961 2934 4735 854 3649 2690 4205 510 2994 3473 3008 1506 2147 3530 3826 2324 120 3169 2011 362 1531 4501 1502 4316 2809 1670 2585 2534 2317 1866 3404 3444 1862 1623 1643 3650 3466 22 4582 1525 3963 1408 133 662 686 859 1517 1901 2673 1291 4091 1551 265 1714 1686 3784 347 4290 1262 3967 3252 899 2656 4507 648 1554 4591 2884 959 4045 4210 3812 1073 2837 855 1613 2800 1088 44 410 2580 4718 4576 4518 723 3113 2672 2881 4552 4096 511 2014 1218 4037 1818 2631 1187 1901 1517 859 686 662 133 1408 3963 1525 881 3877 4517 3106 4510 1591 2953 4711 4388 3103 1130 715 2077 1547 4502 2378 1008 2746 3129 3548 3802 4456 861 1968 4346 637 910 1743 4427 389 372 4568 2175 3755 3985 676 495 4059 3203 465 920 3251 41 4591 2884 4031 600 4291 2917 4032 2647 2487 395 32 4266 2588 3878 1924 2565 209 1369 1277 4314 2329 1941 367 1353 2387 486 3047 2518 3605 3058 3217 689 3615 1934 244 2267 4804 3778 3186 1302 2467 3891 3475 1347 3094 4403 1375 2361 3649 854 4735 2934 3026 4784 2191 1992 2784 2190 4160 712 753 524 4319 2950 1041 625 2307 1924 2565 209 1369 2018 993 1378 4095 4111 3239 1909 391 1050 475 3318 1239 2076 3662 2132 4491 2437 4367 4354 108 1273 4648 2500 4279 22 3466 798 2391 1787 3140 2918 4153 3011 291 2178 3222 2726 211 79 3146 2187 464 3670 1175 2832 3054 4083 3633 645 3482 306 2442 811 4992 2803 982 266 3156 2018 993 1378 4095 4111 3239 1909 3730 3741 4844 1005 3235 
789


start: Kruskal spanning tree approach
 Time reqd for Kruskal spanning tree approach = 0.007578
391 1050 475 3318 1239 4266 2588 3878 1924 2565 209 1369 2018 993 1378 4095 4111 3239 1909 3730 3741 4844 1005 3235 
789




