

start: Finding maximum spanning tree
 Time reqd for Finding maximum spanning tree = 0.078674


start: Naive Dijkstra's approach
 Time reqd for Naive Dijkstra's approach = 0.078263
316 4537 2693 1436 2110 346 1647 480 1311 1070 78 367 884 246 818 1653 829 1698 1765 725 1388 1689 1853 344 1732 2016 1830 1807 93 1854 582 1173 870 1789 1204 1821 1417 1510 463 156 1386 558 1896 173 875 859 607 609 1711 2038 1073 4414 1933 911 2045 3749 1088 1796 4413 4317 3369 2971 2171 3811 1923 2061 3579 3002 3622 2148 2635 2063 2392 4224 3983 1831 1997 2575 1442 2263 1464 438 3391 1455 1615 117 3341 2522 3336 762 1175 2868 606 1376 1533 291 979 1639 1806 1195 3071 4684 3078 381 997 3514 1959 1925 1021 4422 3729 791 4696 2722 2599 3739 1925 1959 3514 997 381 3078 4684 3071 1195 1806 1639 979 291 1533 1376 606 2868 1175 762 3336 2522 3341 117 1615 1455 3391 438 1464 2263 1442 2575 1997 1831 3983 4224 3456 2071 4267 3985 2322 4110 317 2882 2392 2063 2635 2148 3622 3002 3579 2061 1923 3049 4501 4553 3141 4212 4239 3728 2716 2354 1579 1260 3073 4833 3869 3388 811 2322 3985 4267 2071 3456 4224 3983 1831 1997 2575 1442 2263 1464 438 3391 1455 1615 117 3341 2522 3336 762 1175 2868 606 1376 1533 291 979 1639 1806 1195 2933 411 1436 2110 346 1647 2449 76 2310 610 315 166 2388 2680 2936 4834 1490 491 3962 1802 4968 1130 2847 3521 1051 1221 393 3535 3332 46 1796 1088 3749 3939 1389 1488 1571 224 556 414 2413 3291 3385 2109 1043 1270 2864 1246 2567 3511 1014 137 2290 2003 1096 4 1089 862 1217 1628 1828 1875 689 2973 1614 1292 818 2427 670 2766 905 2265 1267 2360 2690 2932 2639 245 711 89 2296 541 209 600 204 1370 226 1765 1698 2376 612 2815 979 1639 1806 1195 2933 411 1436 2110 346 1647 2449 76 2695 2186 1578 558 1896 723 3194 2347 878 2513 2624 2217 190 2426 1247 989 341 1503 130 1813 1036 2334 2466 2104 1899 1493 1290 797 2108 730 935 420 335 388 748 532 1995 1618 95 606 1376 1533 291 979 1639 1806 1195 1842 304 1901 87 416 1070 2343 1260 1579 2354 2716 2043 3030 1915 2616 306 45 1705 3733 936 1463 1680 4365 3836 1997 2575 1442 2263 2183 625 1334 1769 3541 1714 2704 2384 1061 2433 1541 3705 4906 2654 3164 2730 2327 3583 3576 1809 1093 826 1398 1584 56 4006 3692 3578 1820 197 3804 2665 3212 542 2350 1979 3273 37 466 2205 1417 1821 1204 3093 1036 73 2373 2330 870 2913 2003 2290 137 1014 3511 2567 1246 2864 1270 1043 2109 3385 2566 2656 895 1363 1646 2399 2237 2464 1791 229 415 587 4097 3236 1461 340 1238 2118 1758 4979 2260 1132 1714 3541 1769 1334 625 2183 2263 1442 2575 1997 1831 3983 4224 3456 2071 4267 3985 2322 811 2850 1488 1571 224 556 414 81 4632 2070 490 337 4406 791 4696 2722 2599 3739 3611 243 1274 1401 4749 3065 4284 1204 3093 1036 73 2373 4579 1644 60 1117 251 1943 1419 125 1042 1311 761 1711 1218 1769 3097 2545 1401 1422 1486 1678 3036 2606 2596 699 703 1719 1964 2100 307 2313 400 34 1024 1211 2655 2236 634 1443 2757 2529 623 1514 1234 779 2475 2449 479 775 13 528 1561 1397 1126 224 5 2383 1994 2004 410 459 394 1070 1062 538 625 836 2352 2129 1239 2861 2290 1423 1942 188 2593 2428 1291 945 1079 2474 576 4093 4118 377 381 
769


start: Dijkstra's Heap approach
 Time reqd for Dijkstra's Heap approach = 0.004685
316 4537 2693 1436 2110 2596 2726 4868 2960 4232 3558 61 4723 4919 2558 1716 3717 555 808 1986 414 677 2762 1850 2435 2026 4049 56 1584 1138 2058 2281 2038 1073 4414 1933 911 2045 3749 1088 1796 4413 4317 3369 4836 4517 4445 3309 2066 4985 3894 1846 4129 660 2297 791 4696 2722 2599 3739 1925 1021 4422 3729 791 2297 660 4129 1846 3894 4985 2066 3309 4445 4517 4836 3369 2971 2171 3811 1923 3049 4501 4553 3141 4212 4239 3728 2716 2354 1579 1260 3073 4833 3869 3388 811 2322 3985 4267 2071 3456 4224 3983 1831 1997 2575 1442 2263 1464 438 3391 1455 1615 117 3341 2522 3336 762 1175 2868 606 1376 1533 291 979 1639 1806 1195 2933 411 1436 2110 346 1647 2449 76 2310 610 315 166 2388 2680 2936 4834 1490 491 3962 1802 4968 1130 2847 3941 334 2395 4210 679 161 1942 3016 1070 78 367 4028 4658 3271 3594 4613 2423 2879 4949 311 829 1698 2376 3099 2811 2046 3958 3090 2449 76 2695 2186 1578 558 1896 4502 3171 1742 912 4571 1217 3867 549 2749 4283 3776 3232 114 4907 2125 4702 3748 2980 3926 235 4013 1070 78 367 4075 1453 2589 2231 2561 1055 4406 791 4696 2722 2599 3739 1925 1959 3514 997 381 2554 2683 3156 1542 2043 3030 1915 2616 306 45 1705 3733 936 1463 1680 4365 3836 1997 2575 1442 2263 2183 625 1334 1769 3541 1714 2704 2384 1061 2433 1541 3705 4906 2654 3164 2730 2327 3583 3576 1809 1093 826 1398 1584 56 2406 4143 1011 4474 4452 1742 912 371 3915 1692 1638 3248 3734 3884 3830 3888 3163 3247 3467 4278 3864 38 2563 1292 818 2427 456 2984 2170 1617 2342 2843 3515 283 3379 2635 2148 1438 181 4867 3471 1870 415 587 4097 3236 1461 340 1238 2118 1758 4979 2260 1132 1714 3541 1769 1334 625 2183 2263 1442 2575 1997 1831 3983 4224 3456 2071 4267 3985 2322 811 2850 1488 1571 224 556 414 81 4632 2070 490 337 4406 791 4696 849 4434 3709 4304 4583 2984 2170 1617 2991 1713 1461 340 1238 2118 1758 4979 2260 1132 1714 3541 1769 1334 625 2183 2263 1442 2575 1997 1831 3983 4224 2392 2063 2635 2148 3622 3002 138 2290 2003 1096 1985 1909 629 1947 4475 2743 4756 1561 1417 1821 1204 3093 1036 73 2373 4579 1644 60 2328 4733 3462 2682 920 1553 1037 4030 4783 276 2224 1194 2793 1417 508 1068 4008 4525 4283 4175 3926 1756 4693 1107 3244 4000 3927 3530 1397 1795 3182 2569 4256 1784 1376 1335 310 3554 4062 654 3664 3500 4424 3053 1588 4439 4989 4083 4136 4436 4796 615 2358 221 2864 4569 1232 669 3533 1233 1007 3576 3450 4646 3030 3620 1787 2276 4154 381 
769


start: Kruskal spanning tree approach
 Time reqd for Kruskal spanning tree approach = 0.010839
4579 1644 2248 120 1003 4 3505 4574 4222 986 958 933 3179 1252 1149 1524 439 4556 4343 3406 4292 2959 1771 4739 4029 969 2417 3001 15 4549 1905 2856 543 4280 4932 881 2306 793 1641 4203 464 4615 3029 1766 297 3949 1818 2748 2180 4567 2431 1350 2013 2980 1135 1787 2276 4154 381 
769






start: Naive Dijkstra's approach
 Time reqd for Naive Dijkstra's approach = 0.002801
316 4537 2693 1436 2110 346 1647 480 1311 1070 78 367 884 246 818 1653 829 1698 1765 725 1388 1689 1853 344 1732 2016 1830 1807 93 1854 582 1173 870 1789 1204 1821 1417 1510 463 156 1386 558 1896 173 875 859 607 609 1711 2038 1073 4414 1933 911 2045 3749 1088 1796 4413 4317 3369 2971 2171 3811 1923 2061 3579 3002 3622 2148 2635 2063 2392 4224 3983 1831 1997 2575 1442 2263 1464 438 3391 1455 1615 117 3341 2522 3336 762 1175 2868 606 1376 1533 291 979 1639 1806 1195 3071 4684 3078 381 997 3514 1959 1925 1021 4422 3729 791 4696 2722 2599 3739 1925 1959 3514 997 381 3078 4684 3071 1195 1806 1639 979 291 1533 1376 606 2868 1175 762 3336 2522 3341 117 1615 1455 3391 438 1464 2263 1442 2575 1997 1831 3983 4224 3456 2071 4267 3985 2322 4110 317 2882 2392 2063 2635 2148 3622 3002 3579 2061 1923 3049 4501 4553 3141 4212 4239 3728 2716 2354 1579 1260 3073 4833 3869 3388 811 2322 3985 4267 2071 3456 4224 3983 1831 1997 2575 1442 2263 1464 438 3391 1455 1615 117 3341 2522 3336 762 1175 2868 606 1376 1533 291 979 1639 1806 1195 2933 411 1436 2110 346 1647 2449 76 2310 610 315 166 2388 2680 2936 4834 1490 491 3962 1802 4968 1130 2847 3521 1051 1221 393 3535 3332 46 1796 1088 3749 3939 1389 1488 1571 224 556 414 2413 3291 3385 2109 1043 1270 2864 1246 2567 3511 1014 137 2290 2003 1096 4 1089 862 1217 1628 1828 1875 689 2973 1614 1292 818 2427 670 2766 905 2265 1267 2360 2690 2932 2639 245 711 89 2296 541 209 600 204 1370 226 1765 1698 2376 612 2815 979 1639 1806 1195 2933 411 1436 2110 346 1647 2449 76 2695 2186 1578 558 1896 723 3194 2347 878 2513 2624 2217 190 2426 1247 989 341 1503 130 1813 1036 2334 2466 2104 1899 1493 1290 797 2108 730 935 420 335 388 748 532 1995 1618 95 606 1376 1533 291 979 1639 1806 1195 1842 304 1901 87 416 1070 2343 1260 1579 2354 2716 2043 3030 1915 2616 306 45 1705 3733 936 1463 1680 4365 3836 1997 2575 1442 2263 2183 625 1334 1769 3541 1714 2704 2384 1061 2433 1541 3705 4906 2654 3164 2730 2327 3583 3576 1809 1093 826 1398 1584 56 4006 3692 3578 1820 197 3804 2665 3212 542 2350 1979 3273 37 466 2205 1417 1821 1204 3093 1036 73 2373 2330 870 2913 2003 2290 137 1014 3511 2567 1246 2864 1270 1043 2109 3385 2566 2656 895 1363 1646 2399 2237 2464 1791 229 415 587 4097 3236 1461 340 1238 2118 1758 4979 2260 1132 1714 3541 1769 1334 625 2183 2263 1442 2575 1997 1831 3983 4224 3456 2071 4267 3985 2322 811 2850 1488 1571 224 556 414 81 4632 2070 490 337 4406 791 4696 2722 2599 3739 3611 243 1274 1401 4749 3065 4284 1204 3093 1036 73 2373 4579 1644 60 1117 251 1943 1419 125 1042 1311 761 1711 1218 1769 3097 2545 1401 1422 1486 1678 3036 2606 2596 699 703 1719 1964 2100 307 2313 400 34 1024 1211 2655 2236 634 1443 2757 2529 623 1514 1234 779 2475 2449 479 775 13 528 1561 1397 1126 224 5 2383 1994 2004 410 459 394 1070 1062 538 625 836 2352 2129 1239 2861 2290 1423 1942 188 2593 2428 1291 945 1079 2474 576 4093 4118 377 381 3979 1415 3985 1436 2477 3222 490 2632 2032 2481 3019 3654 1361 276 2224 1194 2793 1940 2756 1371 3483 591 2406 2249 1825 1500 2127 401 3227 1696 935 306 224 2623 1289 680 2233 1212 2006 
815


start: Dijkstra's Heap approach
 Time reqd for Dijkstra's Heap approach = 0.004274
316 4537 2693 1436 2110 2596 2726 4868 2960 4232 3558 61 4723 4919 2558 1716 3717 555 808 1986 414 677 2762 1850 2435 2026 4049 56 1584 1138 2058 2281 2038 1073 4414 1933 911 2045 3749 1088 1796 4413 4317 3369 4836 4517 4445 3309 2066 4985 3894 1846 4129 660 2297 791 4696 2722 2599 3739 1925 1021 4422 3729 791 2297 660 4129 1846 3894 4985 2066 3309 4445 4517 4836 3369 2971 2171 3811 1923 3049 4501 4553 3141 4212 4239 3728 2716 2354 1579 1260 3073 4833 3869 3388 811 2322 3985 4267 2071 3456 4224 3983 1831 1997 2575 1442 2263 1464 438 3391 1455 1615 117 3341 2522 3336 762 1175 2868 606 1376 1533 291 979 1639 1806 1195 2933 411 1436 2110 346 1647 2449 76 2310 610 315 166 2388 2680 2936 4834 1490 491 3962 1802 4968 1130 2847 3941 334 2395 4210 679 161 1942 3016 1070 78 367 4028 4658 3271 3594 4613 2423 2879 4949 311 829 1698 2376 3099 2811 2046 3958 3090 2449 76 2695 2186 1578 558 1896 4502 3171 1742 912 4571 1217 3867 549 2749 4283 3776 3232 114 4907 2125 4702 3748 2980 3926 235 4013 1070 78 367 4075 1453 2589 2231 2561 1055 4406 791 4696 2722 2599 3739 1925 1959 3514 997 381 2554 2683 3156 1542 2043 3030 1915 2616 306 45 1705 3733 936 1463 1680 4365 3836 1997 2575 1442 2263 2183 625 1334 1769 3541 1714 2704 2384 1061 2433 1541 3705 4906 2654 3164 2730 2327 3583 3576 1809 1093 826 1398 1584 56 2406 4143 1011 4474 4452 1742 912 371 3915 1692 1638 3248 3734 3884 3830 3888 3163 3247 3467 4278 3864 38 2563 1292 818 2427 456 2984 2170 1617 2342 2843 3515 283 3379 2635 2148 1438 181 4867 3471 1870 415 587 4097 3236 1461 340 1238 2118 1758 4979 2260 1132 1714 3541 1769 1334 625 2183 2263 1442 2575 1997 1831 3983 4224 3456 2071 4267 3985 2322 811 2850 1488 1571 224 556 414 81 4632 2070 490 337 4406 791 4696 849 4434 3709 4304 4583 2984 2170 1617 2991 1713 1461 340 1238 2118 1758 4979 2260 1132 1714 3541 1769 1334 625 2183 2263 1442 2575 1997 1831 3983 4224 2392 2063 2635 2148 3622 3002 138 2290 2003 1096 1985 1909 629 1947 4475 2743 4756 1561 1417 1821 1204 3093 1036 73 2373 4579 1644 60 2328 4733 3462 2682 920 1553 1037 4030 4783 276 2224 1194 2793 1417 508 1068 4008 4525 4283 4175 3926 1756 4693 1107 3244 4000 3927 3530 1397 1795 3182 2569 4256 1784 1376 1335 310 3554 4062 654 3664 3500 4424 3053 1588 4439 4989 4083 4136 4436 4796 615 2358 221 2864 4569 1232 669 3533 1233 1007 3576 3450 4646 3030 3620 1787 2276 4154 381 3979 1415 3985 1436 2477 3222 490 2632 2032 4358 1140 331 354 3090 308 728 575 3901 2019 4550 2796 3829 4402 498 229 4408 4613 4309 4387 1057 3902 2752 3642 2657 4493 212 1938 700 4935 4684 2911 1826 4272 1845 1071 4933 4034 3231 2484 731 4966 4023 4238 2040 2841 1616 3992 1764 1410 1123 712 2455 1821 1926 3920 1685 2006 
815


start: Kruskal spanning tree approach
 Time reqd for Kruskal spanning tree approach = 0.013228
3979 1415 3985 1436 2477 3222 490 2632 2032 2481 1346 4607 4409 1571 1590 2186 3894 2546 4935 700 1156 706 4665 2518 2013 1350 2431 4567 2180 2748 1818 3949 297 1766 3029 4615 464 4203 1641 793 2306 881 4932 4280 543 2856 1905 4549 15 3001 2417 969 4029 4739 1771 2959 4292 3406 4343 4556 439 1524 1149 3920 1685 2006 
815






start: Naive Dijkstra's approach
 Time reqd for Naive Dijkstra's approach = 0.100596
316 4537 2693 1436 2110 346 1647 480 1311 1070 78 367 884 246 818 1653 829 1698 1765 725 1388 1689 1853 344 1732 2016 1830 1807 93 1854 582 1173 870 1789 1204 1821 1417 1510 463 156 1386 558 1896 173 875 859 607 609 1711 2038 1073 4414 1933 911 2045 3749 1088 1796 4413 4317 3369 2971 2171 3811 1923 2061 3579 3002 3622 2148 2635 2063 2392 4224 3983 1831 1997 2575 1442 2263 1464 438 3391 1455 1615 117 3341 2522 3336 762 1175 2868 606 1376 1533 291 979 1639 1806 1195 3071 4684 3078 381 997 3514 1959 1925 1021 4422 3729 791 4696 2722 2599 3739 1925 1959 3514 997 381 3078 4684 3071 1195 1806 1639 979 291 1533 1376 606 2868 1175 762 3336 2522 3341 117 1615 1455 3391 438 1464 2263 1442 2575 1997 1831 3983 4224 3456 2071 4267 3985 2322 4110 317 2882 2392 2063 2635 2148 3622 3002 3579 2061 1923 3049 4501 4553 3141 4212 4239 3728 2716 2354 1579 1260 3073 4833 3869 3388 811 2322 3985 4267 2071 3456 4224 3983 1831 1997 2575 1442 2263 1464 438 3391 1455 1615 117 3341 2522 3336 762 1175 2868 606 1376 1533 291 979 1639 1806 1195 2933 411 1436 2110 346 1647 2449 76 2310 610 315 166 2388 2680 2936 4834 1490 491 3962 1802 4968 1130 2847 3521 1051 1221 393 3535 3332 46 1796 1088 3749 3939 1389 1488 1571 224 556 414 2413 3291 3385 2109 1043 1270 2864 1246 2567 3511 1014 137 2290 2003 1096 4 1089 862 1217 1628 1828 1875 689 2973 1614 1292 818 2427 670 2766 905 2265 1267 2360 2690 2932 2639 245 711 89 2296 541 209 600 204 1370 226 1765 1698 2376 612 2815 979 1639 1806 1195 2933 411 1436 2110 346 1647 2449 76 2695 2186 1578 558 1896 723 3194 2347 878 2513 2624 2217 190 2426 1247 989 341 1503 130 1813 1036 2334 2466 2104 1899 1493 1290 797 2108 730 935 420 335 388 748 532 1995 1618 95 606 1376 1533 291 979 1639 1806 1195 1842 304 1901 87 416 1070 2343 1260 1579 2354 2716 2043 3030 1915 2616 306 45 1705 3733 936 1463 1680 4365 3836 1997 2575 1442 2263 2183 625 1334 1769 3541 1714 2704 2384 1061 2433 1541 3705 4906 2654 3164 2730 2327 3583 3576 1809 1093 826 1398 1584 56 4006 3692 3578 1820 197 3804 2665 3212 542 2350 1979 3273 37 466 2205 1417 1821 1204 3093 1036 73 2373 2330 870 2913 2003 2290 137 1014 3511 2567 1246 2864 1270 1043 2109 3385 2566 2656 895 1363 1646 2399 2237 2464 1791 229 415 587 4097 3236 1461 340 1238 2118 1758 4979 2260 1132 1714 3541 1769 1334 625 2183 2263 1442 2575 1997 1831 3983 4224 3456 2071 4267 3985 2322 811 2850 1488 1571 224 556 414 81 4632 2070 490 337 4406 791 4696 2722 2599 3739 3611 243 1274 1401 4749 3065 4284 1204 3093 1036 73 2373 4579 1644 60 1117 251 1943 1419 125 1042 1311 761 1711 1218 1769 3097 2545 1401 1422 1486 1678 3036 2606 2596 699 703 1719 1964 2100 307 2313 400 34 1024 1211 2655 2236 634 1443 2757 2529 623 1514 1234 779 2475 2449 479 775 13 528 1561 1397 1126 224 5 2383 1994 2004 410 459 394 1070 1062 538 625 836 2352 2129 1239 2861 2290 1423 1942 188 2593 2428 1291 945 1079 2474 576 4093 4118 377 381 3979 1415 3985 1436 2477 3222 490 2632 2032 2481 3019 3654 1361 276 2224 1194 2793 1940 2756 1371 3483 591 2406 2249 1825 1500 2127 401 3227 1696 935 306 224 2623 1289 680 2233 1212 2006 2564 4021 44 500 2619 564 1230 2868 4629 4626 2580 2750 2617 4235 2749 4748 4022 4456 3865 906 4166 4459 1660 1831 1828 1017 1900 1529 2365 3124 4175 4283 2653 4367 4194 1500 2127 3457 1590 2186 4521 2072 3980 2008 92 4400 1809 2627 4099 
814


start: Dijkstra's Heap approach
 Time reqd for Dijkstra's Heap approach = 0.005232
316 4537 2693 1436 2110 2596 2726 4868 2960 4232 3558 61 4723 4919 2558 1716 3717 555 808 1986 414 677 2762 1850 2435 2026 4049 56 1584 1138 2058 2281 2038 1073 4414 1933 911 2045 3749 1088 1796 4413 4317 3369 4836 4517 4445 3309 2066 4985 3894 1846 4129 660 2297 791 4696 2722 2599 3739 1925 1021 4422 3729 791 2297 660 4129 1846 3894 4985 2066 3309 4445 4517 4836 3369 2971 2171 3811 1923 3049 4501 4553 3141 4212 4239 3728 2716 2354 1579 1260 3073 4833 3869 3388 811 2322 3985 4267 2071 3456 4224 3983 1831 1997 2575 1442 2263 1464 438 3391 1455 1615 117 3341 2522 3336 762 1175 2868 606 1376 1533 291 979 1639 1806 1195 2933 411 1436 2110 346 1647 2449 76 2310 610 315 166 2388 2680 2936 4834 1490 491 3962 1802 4968 1130 2847 3941 334 2395 4210 679 161 1942 3016 1070 78 367 4028 4658 3271 3594 4613 2423 2879 4949 311 829 1698 2376 3099 2811 2046 3958 3090 2449 76 2695 2186 1578 558 1896 4502 3171 1742 912 4571 1217 3867 549 2749 4283 3776 3232 114 4907 2125 4702 3748 2980 3926 235 4013 1070 78 367 4075 1453 2589 2231 2561 1055 4406 791 4696 2722 2599 3739 1925 1959 3514 997 381 2554 2683 3156 1542 2043 3030 1915 2616 306 45 1705 3733 936 1463 1680 4365 3836 1997 2575 1442 2263 2183 625 1334 1769 3541 1714 2704 2384 1061 2433 1541 3705 4906 2654 3164 2730 2327 3583 3576 1809 1093 826 1398 1584 56 2406 4143 1011 4474 4452 1742 912 371 3915 1692 1638 3248 3734 3884 3830 3888 3163 3247 3467 4278 3864 38 2563 1292 818 2427 456 2984 2170 1617 2342 2843 3515 283 3379 2635 2148 1438 181 4867 3471 1870 415 587 4097 3236 1461 340 1238 2118 1758 4979 2260 1132 1714 3541 1769 1334 625 2183 2263 1442 2575 1997 1831 3983 4224 3456 2071 4267 3985 2322 811 2850 1488 1571 224 556 414 81 4632 2070 490 337 4406 791 4696 849 4434 3709 4304 4583 2984 2170 1617 2991 1713 1461 340 1238 2118 1758 4979 2260 1132 1714 3541 1769 1334 625 2183 2263 1442 2575 1997 1831 3983 4224 2392 2063 2635 2148 3622 3002 138 2290 2003 1096 1985 1909 629 1947 4475 2743 4756 1561 1417 1821 1204 3093 1036 73 2373 4579 1644 60 2328 4733 3462 2682 920 1553 1037 4030 4783 276 2224 1194 2793 1417 508 1068 4008 4525 4283 4175 3926 1756 4693 1107 3244 4000 3927 3530 1397 1795 3182 2569 4256 1784 1376 1335 310 3554 4062 654 3664 3500 4424 3053 1588 4439 4989 4083 4136 4436 4796 615 2358 221 2864 4569 1232 669 3533 1233 1007 3576 3450 4646 3030 3620 1787 2276 4154 381 3979 1415 3985 1436 2477 3222 490 2632 2032 4358 1140 331 354 3090 308 728 575 3901 2019 4550 2796 3829 4402 498 229 4408 4613 4309 4387 1057 3902 2752 3642 2657 4493 212 1938 700 4935 4684 2911 1826 4272 1845 1071 4933 4034 3231 2484 731 4966 4023 4238 2040 2841 1616 3992 1764 1410 1123 712 2455 1821 1926 3920 1685 2006 2564 4021 44 500 2619 564 1230 2868 4629 4626 2580 2750 2617 4235 2749 4748 4022 1426 4615 464 4203 1641 793 2306 881 4932 4280 3422 4269 353 3969 3961 3340 1030 3327 1941 3786 2068 4593 3457 1590 2186 4521 2072 3980 2008 92 4400 1809 2627 4099 
814


start: Kruskal spanning tree approach
 Time reqd for Kruskal spanning tree approach = 0.010785
2564 4021 44 500 2619 564 1230 2868 4629 4626 2580 2750 2617 4235 2749 4748 4022 1426 4615 3029 1766 297 3949 1818 2748 2180 4567 2431 1350 2013 2518 4665 706 1156 700 4935 2546 3894 2186 4521 2072 3980 2008 92 4400 1809 2627 4099 
814






start: Naive Dijkstra's approach
 Time reqd for Naive Dijkstra's approach = 0.118694
316 4537 2693 1436 2110 346 1647 480 1311 1070 78 367 884 246 818 1653 829 1698 1765 725 1388 1689 1853 344 1732 2016 1830 1807 93 1854 582 1173 870 1789 1204 1821 1417 1510 463 156 1386 558 1896 173 875 859 607 609 1711 2038 1073 4414 1933 911 2045 3749 1088 1796 4413 4317 3369 2971 2171 3811 1923 2061 3579 3002 3622 2148 2635 2063 2392 4224 3983 1831 1997 2575 1442 2263 1464 438 3391 1455 1615 117 3341 2522 3336 762 1175 2868 606 1376 1533 291 979 1639 1806 1195 3071 4684 3078 381 997 3514 1959 1925 1021 4422 3729 791 4696 2722 2599 3739 1925 1959 3514 997 381 3078 4684 3071 1195 1806 1639 979 291 1533 1376 606 2868 1175 762 3336 2522 3341 117 1615 1455 3391 438 1464 2263 1442 2575 1997 1831 3983 4224 3456 2071 4267 3985 2322 4110 317 2882 2392 2063 2635 2148 3622 3002 3579 2061 1923 3049 4501 4553 3141 4212 4239 3728 2716 2354 1579 1260 3073 4833 3869 3388 811 2322 3985 4267 2071 3456 4224 3983 1831 1997 2575 1442 2263 1464 438 3391 1455 1615 117 3341 2522 3336 762 1175 2868 606 1376 1533 291 979 1639 1806 1195 2933 411 1436 2110 346 1647 2449 76 2310 610 315 166 2388 2680 2936 4834 1490 491 3962 1802 4968 1130 2847 3521 1051 1221 393 3535 3332 46 1796 1088 3749 3939 1389 1488 1571 224 556 414 2413 3291 3385 2109 1043 1270 2864 1246 2567 3511 1014 137 2290 2003 1096 4 1089 862 1217 1628 1828 1875 689 2973 1614 1292 818 2427 670 2766 905 2265 1267 2360 2690 2932 2639 245 711 89 2296 541 209 600 204 1370 226 1765 1698 2376 612 2815 979 1639 1806 1195 2933 411 1436 2110 346 1647 2449 76 2695 2186 1578 558 1896 723 3194 2347 878 2513 2624 2217 190 2426 1247 989 341 1503 130 1813 1036 2334 2466 2104 1899 1493 1290 797 2108 730 935 420 335 388 748 532 1995 1618 95 606 1376 1533 291 979 1639 1806 1195 1842 304 1901 87 416 1070 2343 1260 1579 2354 2716 2043 3030 1915 2616 306 45 1705 3733 936 1463 1680 4365 3836 1997 2575 1442 2263 2183 625 1334 1769 3541 1714 2704 2384 1061 2433 1541 3705 4906 2654 3164 2730 2327 3583 3576 1809 1093 826 1398 1584 56 4006 3692 3578 1820 197 3804 2665 3212 542 2350 1979 3273 37 466 2205 1417 1821 1204 3093 1036 73 2373 2330 870 2913 2003 2290 137 1014 3511 2567 1246 2864 1270 1043 2109 3385 2566 2656 895 1363 1646 2399 2237 2464 1791 229 415 587 4097 3236 1461 340 1238 2118 1758 4979 2260 1132 1714 3541 1769 1334 625 2183 2263 1442 2575 1997 1831 3983 4224 3456 2071 4267 3985 2322 811 2850 1488 1571 224 556 414 81 4632 2070 490 337 4406 791 4696 2722 2599 3739 3611 243 1274 1401 4749 3065 4284 1204 3093 1036 73 2373 4579 1644 60 1117 251 1943 1419 125 1042 1311 761 1711 1218 1769 3097 2545 1401 1422 1486 1678 3036 2606 2596 699 703 1719 1964 2100 307 2313 400 34 1024 1211 2655 2236 634 1443 2757 2529 623 1514 1234 779 2475 2449 479 775 13 528 1561 1397 1126 224 5 2383 1994 2004 410 459 394 1070 1062 538 625 836 2352 2129 1239 2861 2290 1423 1942 188 2593 2428 1291 945 1079 2474 576 4093 4118 377 381 3979 1415 3985 1436 2477 3222 490 2632 2032 2481 3019 3654 1361 276 2224 1194 2793 1940 2756 1371 3483 591 2406 2249 1825 1500 2127 401 3227 1696 935 306 224 2623 1289 680 2233 1212 2006 2564 4021 44 500 2619 564 1230 2868 4629 4626 2580 2750 2617 4235 2749 4748 4022 4456 3865 906 4166 4459 1660 1831 1828 1017 1900 1529 2365 3124 4175 4283 2653 4367 4194 1500 2127 3457 1590 2186 4521 2072 3980 2008 92 4400 1809 2627 4099 2494 4027 2659 4042 847 1178 2592 1231 2680 2298 1514 623 2529 2757 1443 634 2236 2655 1211 1024 34 400 2313 307 2100 1964 1719 703 95 600 1735 3168 13 528 1561 1397 1126 1758 4676 4327 
743


start: Dijkstra's Heap approach
 Time reqd for Dijkstra's Heap approach = 0.005453
316 4537 2693 1436 2110 2596 2726 4868 2960 4232 3558 61 4723 4919 2558 1716 3717 555 808 1986 414 677 2762 1850 2435 2026 4049 56 1584 1138 2058 2281 2038 1073 4414 1933 911 2045 3749 1088 1796 4413 4317 3369 4836 4517 4445 3309 2066 4985 3894 1846 4129 660 2297 791 4696 2722 2599 3739 1925 1021 4422 3729 791 2297 660 4129 1846 3894 4985 2066 3309 4445 4517 4836 3369 2971 2171 3811 1923 3049 4501 4553 3141 4212 4239 3728 2716 2354 1579 1260 3073 4833 3869 3388 811 2322 3985 4267 2071 3456 4224 3983 1831 1997 2575 1442 2263 1464 438 3391 1455 1615 117 3341 2522 3336 762 1175 2868 606 1376 1533 291 979 1639 1806 1195 2933 411 1436 2110 346 1647 2449 76 2310 610 315 166 2388 2680 2936 4834 1490 491 3962 1802 4968 1130 2847 3941 334 2395 4210 679 161 1942 3016 1070 78 367 4028 4658 3271 3594 4613 2423 2879 4949 311 829 1698 2376 3099 2811 2046 3958 3090 2449 76 2695 2186 1578 558 1896 4502 3171 1742 912 4571 1217 3867 549 2749 4283 3776 3232 114 4907 2125 4702 3748 2980 3926 235 4013 1070 78 367 4075 1453 2589 2231 2561 1055 4406 791 4696 2722 2599 3739 1925 1959 3514 997 381 2554 2683 3156 1542 2043 3030 1915 2616 306 45 1705 3733 936 1463 1680 4365 3836 1997 2575 1442 2263 2183 625 1334 1769 3541 1714 2704 2384 1061 2433 1541 3705 4906 2654 3164 2730 2327 3583 3576 1809 1093 826 1398 1584 56 2406 4143 1011 4474 4452 1742 912 371 3915 1692 1638 3248 3734 3884 3830 3888 3163 3247 3467 4278 3864 38 2563 1292 818 2427 456 2984 2170 1617 2342 2843 3515 283 3379 2635 2148 1438 181 4867 3471 1870 415 587 4097 3236 1461 340 1238 2118 1758 4979 2260 1132 1714 3541 1769 1334 625 2183 2263 1442 2575 1997 1831 3983 4224 3456 2071 4267 3985 2322 811 2850 1488 1571 224 556 414 81 4632 2070 490 337 4406 791 4696 849 4434 3709 4304 4583 2984 2170 1617 2991 1713 1461 340 1238 2118 1758 4979 2260 1132 1714 3541 1769 1334 625 2183 2263 1442 2575 1997 1831 3983 4224 2392 2063 2635 2148 3622 3002 138 2290 2003 1096 1985 1909 629 1947 4475 2743 4756 1561 1417 1821 1204 3093 1036 73 2373 4579 1644 60 2328 4733 3462 2682 920 1553 1037 4030 4783 276 2224 1194 2793 1417 508 1068 4008 4525 4283 4175 3926 1756 4693 1107 3244 4000 3927 3530 1397 1795 3182 2569 4256 1784 1376 1335 310 3554 4062 654 3664 3500 4424 3053 1588 4439 4989 4083 4136 4436 4796 615 2358 221 2864 4569 1232 669 3533 1233 1007 3576 3450 4646 3030 3620 1787 2276 4154 381 3979 1415 3985 1436 2477 3222 490 2632 2032 4358 1140 331 354 3090 308 728 575 3901 2019 4550 2796 3829 4402 498 229 4408 4613 4309 4387 1057 3902 2752 3642 2657 4493 212 1938 700 4935 4684 2911 1826 4272 1845 1071 4933 4034 3231 2484 731 4966 4023 4238 2040 2841 1616 3992 1764 1410 1123 712 2455 1821 1926 3920 1685 2006 2564 4021 44 500 2619 564 1230 2868 4629 4626 2580 2750 2617 4235 2749 4748 4022 1426 4615 464 4203 1641 793 2306 881 4932 4280 3422 4269 353 3969 3961 3340 1030 3327 1941 3786 2068 4593 3457 1590 2186 4521 2072 3980 2008 92 4400 1809 2627 4099 2494 4027 2659 4042 847 1178 2592 1231 2680 2298 1514 623 165 3401 2723 184 387 3971 2237 1174 4215 1910 4794 3296 3223 3921 848 3602 1295 676 4676 4327 
743


start: Kruskal spanning tree approach
 Time reqd for Kruskal spanning tree approach = 0.01146
2494 4027 2659 4042 847 1178 2592 4046 3528 3422 4280 543 2856 1905 4549 15 3001 2417 969 2131 288 3092 348 4259 4415 3961 3340 1030 3327 1941 3786 4317 501 4363 1774 3914 1510 1595 307 2100 1964 1719 1557 1106 498 4402 3602 1295 676 4676 4327 
743






start: Naive Dijkstra's approach
 Time reqd for Naive Dijkstra's approach = 0.078971
316 4537 2693 1436 2110 346 1647 480 1311 1070 78 367 884 246 818 1653 829 1698 1765 725 1388 1689 1853 344 1732 2016 1830 1807 93 1854 582 1173 870 1789 1204 1821 1417 1510 463 156 1386 558 1896 173 875 859 607 609 1711 2038 1073 4414 1933 911 2045 3749 1088 1796 4413 4317 3369 2971 2171 3811 1923 2061 3579 3002 3622 2148 2635 2063 2392 4224 3983 1831 1997 2575 1442 2263 1464 438 3391 1455 1615 117 3341 2522 3336 762 1175 2868 606 1376 1533 291 979 1639 1806 1195 3071 4684 3078 381 997 3514 1959 1925 1021 4422 3729 791 4696 2722 2599 3739 1925 1959 3514 997 381 3078 4684 3071 1195 1806 1639 979 291 1533 1376 606 2868 1175 762 3336 2522 3341 117 1615 1455 3391 438 1464 2263 1442 2575 1997 1831 3983 4224 3456 2071 4267 3985 2322 4110 317 2882 2392 2063 2635 2148 3622 3002 3579 2061 1923 3049 4501 4553 3141 4212 4239 3728 2716 2354 1579 1260 3073 4833 3869 3388 811 2322 3985 4267 2071 3456 4224 3983 1831 1997 2575 1442 2263 1464 438 3391 1455 1615 117 3341 2522 3336 762 1175 2868 606 1376 1533 291 979 1639 1806 1195 2933 411 1436 2110 346 1647 2449 76 2310 610 315 166 2388 2680 2936 4834 1490 491 3962 1802 4968 1130 2847 3521 1051 1221 393 3535 3332 46 1796 1088 3749 3939 1389 1488 1571 224 556 414 2413 3291 3385 2109 1043 1270 2864 1246 2567 3511 1014 137 2290 2003 1096 4 1089 862 1217 1628 1828 1875 689 2973 1614 1292 818 2427 670 2766 905 2265 1267 2360 2690 2932 2639 245 711 89 2296 541 209 600 204 1370 226 1765 1698 2376 612 2815 979 1639 1806 1195 2933 411 1436 2110 346 1647 2449 76 2695 2186 1578 558 1896 723 3194 2347 878 2513 2624 2217 190 2426 1247 989 341 1503 130 1813 1036 2334 2466 2104 1899 1493 1290 797 2108 730 935 420 335 388 748 532 1995 1618 95 606 1376 1533 291 979 1639 1806 1195 1842 304 1901 87 416 1070 2343 1260 1579 2354 2716 2043 3030 1915 2616 306 45 1705 3733 936 1463 1680 4365 3836 1997 2575 1442 2263 2183 625 1334 1769 3541 1714 2704 2384 1061 2433 1541 3705 4906 2654 3164 2730 2327 3583 3576 1809 1093 826 1398 1584 56 4006 3692 3578 1820 197 3804 2665 3212 542 2350 1979 3273 37 466 2205 1417 1821 1204 3093 1036 73 2373 2330 870 2913 2003 2290 137 1014 3511 2567 1246 2864 1270 1043 2109 3385 2566 2656 895 1363 1646 2399 2237 2464 1791 229 415 587 4097 3236 1461 340 1238 2118 1758 4979 2260 1132 1714 3541 1769 1334 625 2183 2263 1442 2575 1997 1831 3983 4224 3456 2071 4267 3985 2322 811 2850 1488 1571 224 556 414 81 4632 2070 490 337 4406 791 4696 2722 2599 3739 3611 243 1274 1401 4749 3065 4284 1204 3093 1036 73 2373 4579 1644 60 1117 251 1943 1419 125 1042 1311 761 1711 1218 1769 3097 2545 1401 1422 1486 1678 3036 2606 2596 699 703 1719 1964 2100 307 2313 400 34 1024 1211 2655 2236 634 1443 2757 2529 623 1514 1234 779 2475 2449 479 775 13 528 1561 1397 1126 224 5 2383 1994 2004 410 459 394 1070 1062 538 625 836 2352 2129 1239 2861 2290 1423 1942 188 2593 2428 1291 945 1079 2474 576 4093 4118 377 381 3979 1415 3985 1436 2477 3222 490 2632 2032 2481 3019 3654 1361 276 2224 1194 2793 1940 2756 1371 3483 591 2406 2249 1825 1500 2127 401 3227 1696 935 306 224 2623 1289 680 2233 1212 2006 2564 4021 44 500 2619 564 1230 2868 4629 4626 2580 2750 2617 4235 2749 4748 4022 4456 3865 906 4166 4459 1660 1831 1828 1017 1900 1529 2365 3124 4175 4283 2653 4367 4194 1500 2127 3457 1590 2186 4521 2072 3980 2008 92 4400 1809 2627 4099 2494 4027 2659 4042 847 1178 2592 1231 2680 2298 1514 623 2529 2757 1443 634 2236 2655 1211 1024 34 400 2313 307 2100 1964 1719 703 95 600 1735 3168 13 528 1561 1397 1126 1758 4676 4327 4247 319 3035 3059 2044 1743 801 854 1109 1317 3304 2941 2972 279 282 2602 156 463 1704 1250 2459 79 3519 262 4536 
809


start: Dijkstra's Heap approach
 Time reqd for Dijkstra's Heap approach = 0.002325
316 4537 2693 1436 2110 2596 2726 4868 2960 4232 3558 61 4723 4919 2558 1716 3717 555 808 1986 414 677 2762 1850 2435 2026 4049 56 1584 1138 2058 2281 2038 1073 4414 1933 911 2045 3749 1088 1796 4413 4317 3369 4836 4517 4445 3309 2066 4985 3894 1846 4129 660 2297 791 4696 2722 2599 3739 1925 1021 4422 3729 791 2297 660 4129 1846 3894 4985 2066 3309 4445 4517 4836 3369 2971 2171 3811 1923 3049 4501 4553 3141 4212 4239 3728 2716 2354 1579 1260 3073 4833 3869 3388 811 2322 3985 4267 2071 3456 4224 3983 1831 1997 2575 1442 2263 1464 438 3391 1455 1615 117 3341 2522 3336 762 1175 2868 606 1376 1533 291 979 1639 1806 1195 2933 411 1436 2110 346 1647 2449 76 2310 610 315 166 2388 2680 2936 4834 1490 491 3962 1802 4968 1130 2847 3941 334 2395 4210 679 161 1942 3016 1070 78 367 4028 4658 3271 3594 4613 2423 2879 4949 311 829 1698 2376 3099 2811 2046 3958 3090 2449 76 2695 2186 1578 558 1896 4502 3171 1742 912 4571 1217 3867 549 2749 4283 3776 3232 114 4907 2125 4702 3748 2980 3926 235 4013 1070 78 367 4075 1453 2589 2231 2561 1055 4406 791 4696 2722 2599 3739 1925 1959 3514 997 381 2554 2683 3156 1542 2043 3030 1915 2616 306 45 1705 3733 936 1463 1680 4365 3836 1997 2575 1442 2263 2183 625 1334 1769 3541 1714 2704 2384 1061 2433 1541 3705 4906 2654 3164 2730 2327 3583 3576 1809 1093 826 1398 1584 56 2406 4143 1011 4474 4452 1742 912 371 3915 1692 1638 3248 3734 3884 3830 3888 3163 3247 3467 4278 3864 38 2563 1292 818 2427 456 2984 2170 1617 2342 2843 3515 283 3379 2635 2148 1438 181 4867 3471 1870 415 587 4097 3236 1461 340 1238 2118 1758 4979 2260 1132 1714 3541 1769 1334 625 2183 2263 1442 2575 1997 1831 3983 4224 3456 2071 4267 3985 2322 811 2850 1488 1571 224 556 414 81 4632 2070 490 337 4406 791 4696 849 4434 3709 4304 4583 2984 2170 1617 2991 1713 1461 340 1238 2118 1758 4979 2260 1132 1714 3541 1769 1334 625 2183 2263 1442 2575 1997 1831 3983 4224 2392 2063 2635 2148 3622 3002 138 2290 2003 1096 1985 1909 629 1947 4475 2743 4756 1561 1417 1821 1204 3093 1036 73 2373 4579 1644 60 2328 4733 3462 2682 920 1553 1037 4030 4783 276 2224 1194 2793 1417 508 1068 4008 4525 4283 4175 3926 1756 4693 1107 3244 4000 3927 3530 1397 1795 3182 2569 4256 1784 1376 1335 310 3554 4062 654 3664 3500 4424 3053 1588 4439 4989 4083 4136 4436 4796 615 2358 221 2864 4569 1232 669 3533 1233 1007 3576 3450 4646 3030 3620 1787 2276 4154 381 3979 1415 3985 1436 2477 3222 490 2632 2032 4358 1140 331 354 3090 308 728 575 3901 2019 4550 2796 3829 4402 498 229 4408 4613 4309 4387 1057 3902 2752 3642 2657 4493 212 1938 700 4935 4684 2911 1826 4272 1845 1071 4933 4034 3231 2484 731 4966 4023 4238 2040 2841 1616 3992 1764 1410 1123 712 2455 1821 1926 3920 1685 2006 2564 4021 44 500 2619 564 1230 2868 4629 4626 2580 2750 2617 4235 2749 4748 4022 1426 4615 464 4203 1641 793 2306 881 4932 4280 3422 4269 353 3969 3961 3340 1030 3327 1941 3786 2068 4593 3457 1590 2186 4521 2072 3980 2008 92 4400 1809 2627 4099 2494 4027 2659 4042 847 1178 2592 1231 2680 2298 1514 623 165 3401 2723 184 387 3971 2237 1174 4215 1910 4794 3296 3223 3921 848 3602 1295 676 4676 4327 4247 319 3035 285 2184 2183 1054 4605 4947 1507 1447 173 2379 4194 1500 2127 3457 4593 2068 3786 4317 501 4363 2680 2298 1514 623 165 3401 2723 184 387 3971 2237 1174 4215 1019 1213 1265 4064 4087 3935 262 4536 
809


start: Kruskal spanning tree approach
 Time reqd for Kruskal spanning tree approach = 0.006893
4247 319 3035 3059 2044 1743 2114 356 782 1713 3971 2237 1174 4215 1019 1213 1265 4064 4087 3935 262 4536 
809






start: Naive Dijkstra's approach
 Time reqd for Naive Dijkstra's approach = 0.085583
316 4537 2693 1436 2110 346 1647 480 1311 1070 78 367 884 246 818 1653 829 1698 1765 725 1388 1689 1853 344 1732 2016 1830 1807 93 1854 582 1173 870 1789 1204 1821 1417 1510 463 156 1386 558 1896 173 875 859 607 609 1711 2038 1073 4414 1933 911 2045 3749 1088 1796 4413 4317 3369 2971 2171 3811 1923 2061 3579 3002 3622 2148 2635 2063 2392 4224 3983 1831 1997 2575 1442 2263 1464 438 3391 1455 1615 117 3341 2522 3336 762 1175 2868 606 1376 1533 291 979 1639 1806 1195 3071 4684 3078 381 997 3514 1959 1925 1021 4422 3729 791 4696 2722 2599 3739 1925 1959 3514 997 381 3078 4684 3071 1195 1806 1639 979 291 1533 1376 606 2868 1175 762 3336 2522 3341 117 1615 1455 3391 438 1464 2263 1442 2575 1997 1831 3983 4224 3456 2071 4267 3985 2322 4110 317 2882 2392 2063 2635 2148 3622 3002 3579 2061 1923 3049 4501 4553 3141 4212 4239 3728 2716 2354 1579 1260 3073 4833 3869 3388 811 2322 3985 4267 2071 3456 4224 3983 1831 1997 2575 1442 2263 1464 438 3391 1455 1615 117 3341 2522 3336 762 1175 2868 606 1376 1533 291 979 1639 1806 1195 2933 411 1436 2110 346 1647 2449 76 2310 610 315 166 2388 2680 2936 4834 1490 491 3962 1802 4968 1130 2847 3521 1051 1221 393 3535 3332 46 1796 1088 3749 3939 1389 1488 1571 224 556 414 2413 3291 3385 2109 1043 1270 2864 1246 2567 3511 1014 137 2290 2003 1096 4 1089 862 1217 1628 1828 1875 689 2973 1614 1292 818 2427 670 2766 905 2265 1267 2360 2690 2932 2639 245 711 89 2296 541 209 600 204 1370 226 1765 1698 2376 612 2815 979 1639 1806 1195 2933 411 1436 2110 346 1647 2449 76 2695 2186 1578 558 1896 723 3194 2347 878 2513 2624 2217 190 2426 1247 989 341 1503 130 1813 1036 2334 2466 2104 1899 1493 1290 797 2108 730 935 420 335 388 748 532 1995 1618 95 606 1376 1533 291 979 1639 1806 1195 1842 304 1901 87 416 1070 2343 1260 1579 2354 2716 2043 3030 1915 2616 306 45 1705 3733 936 1463 1680 4365 3836 1997 2575 1442 2263 2183 625 1334 1769 3541 1714 2704 2384 1061 2433 1541 3705 4906 2654 3164 2730 2327 3583 3576 1809 1093 826 1398 1584 56 4006 3692 3578 1820 197 3804 2665 3212 542 2350 1979 3273 37 466 2205 1417 1821 1204 3093 1036 73 2373 2330 870 2913 2003 2290 137 1014 3511 2567 1246 2864 1270 1043 2109 3385 2566 2656 895 1363 1646 2399 2237 2464 1791 229 415 587 4097 3236 1461 340 1238 2118 1758 4979 2260 1132 1714 3541 1769 1334 625 2183 2263 1442 2575 1997 1831 3983 4224 3456 2071 4267 3985 2322 811 2850 1488 1571 224 556 414 81 4632 2070 490 337 4406 791 4696 2722 2599 3739 3611 243 1274 1401 4749 3065 4284 1204 3093 1036 73 2373 4579 1644 60 1117 251 1943 1419 125 1042 1311 761 1711 1218 1769 3097 2545 1401 1422 1486 1678 3036 2606 2596 699 703 1719 1964 2100 307 2313 400 34 1024 1211 2655 2236 634 1443 2757 2529 623 1514 1234 779 2475 2449 479 775 13 528 1561 1397 1126 224 5 2383 1994 2004 410 459 394 1070 1062 538 625 836 2352 2129 1239 2861 2290 1423 1942 188 2593 2428 1291 945 1079 2474 576 4093 4118 377 381 3979 1415 3985 1436 2477 3222 490 2632 2032 2481 3019 3654 1361 276 2224 1194 2793 1940 2756 1371 3483 591 2406 2249 1825 1500 2127 401 3227 1696 935 306 224 2623 1289 680 2233 1212 2006 2564 4021 44 500 2619 564 1230 2868 4629 4626 2580 2750 2617 4235 2749 4748 4022 4456 3865 906 4166 4459 1660 1831 1828 1017 1900 1529 2365 3124 4175 4283 2653 4367 4194 1500 2127 3457 1590 2186 4521 2072 3980 2008 92 4400 1809 2627 4099 2494 4027 2659 4042 847 1178 2592 1231 2680 2298 1514 623 2529 2757 1443 634 2236 2655 1211 1024 34 400 2313 307 2100 1964 1719 703 95 600 1735 3168 13 528 1561 1397 1126 1758 4676 4327 4247 319 3035 3059 2044 1743 801 854 1109 1317 3304 2941 2972 279 282 2602 156 463 1704 1250 2459 79 3519 262 4536 4620 419 3557 3116 4512 1775 5 2383 1900 1529 2365 3124 4175 4283 1053 3600 1940 2793 1194 2224 1539 4215 1174 2237 3971 1713 782 356 2114 1743 801 854 1109 1217 1024 34 
829


start: Dijkstra's Heap approach
 Time reqd for Dijkstra's Heap approach = 0.004176
316 4537 2693 1436 2110 2596 2726 4868 2960 4232 3558 61 4723 4919 2558 1716 3717 555 808 1986 414 677 2762 1850 2435 2026 4049 56 1584 1138 2058 2281 2038 1073 4414 1933 911 2045 3749 1088 1796 4413 4317 3369 4836 4517 4445 3309 2066 4985 3894 1846 4129 660 2297 791 4696 2722 2599 3739 1925 1021 4422 3729 791 2297 660 4129 1846 3894 4985 2066 3309 4445 4517 4836 3369 2971 2171 3811 1923 3049 4501 4553 3141 4212 4239 3728 2716 2354 1579 1260 3073 4833 3869 3388 811 2322 3985 4267 2071 3456 4224 3983 1831 1997 2575 1442 2263 1464 438 3391 1455 1615 117 3341 2522 3336 762 1175 2868 606 1376 1533 291 979 1639 1806 1195 2933 411 1436 2110 346 1647 2449 76 2310 610 315 166 2388 2680 2936 4834 1490 491 3962 1802 4968 1130 2847 3941 334 2395 4210 679 161 1942 3016 1070 78 367 4028 4658 3271 3594 4613 2423 2879 4949 311 829 1698 2376 3099 2811 2046 3958 3090 2449 76 2695 2186 1578 558 1896 4502 3171 1742 912 4571 1217 3867 549 2749 4283 3776 3232 114 4907 2125 4702 3748 2980 3926 235 4013 1070 78 367 4075 1453 2589 2231 2561 1055 4406 791 4696 2722 2599 3739 1925 1959 3514 997 381 2554 2683 3156 1542 2043 3030 1915 2616 306 45 1705 3733 936 1463 1680 4365 3836 1997 2575 1442 2263 2183 625 1334 1769 3541 1714 2704 2384 1061 2433 1541 3705 4906 2654 3164 2730 2327 3583 3576 1809 1093 826 1398 1584 56 2406 4143 1011 4474 4452 1742 912 371 3915 1692 1638 3248 3734 3884 3830 3888 3163 3247 3467 4278 3864 38 2563 1292 818 2427 456 2984 2170 1617 2342 2843 3515 283 3379 2635 2148 1438 181 4867 3471 1870 415 587 4097 3236 1461 340 1238 2118 1758 4979 2260 1132 1714 3541 1769 1334 625 2183 2263 1442 2575 1997 1831 3983 4224 3456 2071 4267 3985 2322 811 2850 1488 1571 224 556 414 81 4632 2070 490 337 4406 791 4696 849 4434 3709 4304 4583 2984 2170 1617 2991 1713 1461 340 1238 2118 1758 4979 2260 1132 1714 3541 1769 1334 625 2183 2263 1442 2575 1997 1831 3983 4224 2392 2063 2635 2148 3622 3002 138 2290 2003 1096 1985 1909 629 1947 4475 2743 4756 1561 1417 1821 1204 3093 1036 73 2373 4579 1644 60 2328 4733 3462 2682 920 1553 1037 4030 4783 276 2224 1194 2793 1417 508 1068 4008 4525 4283 4175 3926 1756 4693 1107 3244 4000 3927 3530 1397 1795 3182 2569 4256 1784 1376 1335 310 3554 4062 654 3664 3500 4424 3053 1588 4439 4989 4083 4136 4436 4796 615 2358 221 2864 4569 1232 669 3533 1233 1007 3576 3450 4646 3030 3620 1787 2276 4154 381 3979 1415 3985 1436 2477 3222 490 2632 2032 4358 1140 331 354 3090 308 728 575 3901 2019 4550 2796 3829 4402 498 229 4408 4613 4309 4387 1057 3902 2752 3642 2657 4493 212 1938 700 4935 4684 2911 1826 4272 1845 1071 4933 4034 3231 2484 731 4966 4023 4238 2040 2841 1616 3992 1764 1410 1123 712 2455 1821 1926 3920 1685 2006 2564 4021 44 500 2619 564 1230 2868 4629 4626 2580 2750 2617 4235 2749 4748 4022 1426 4615 464 4203 1641 793 2306 881 4932 4280 3422 4269 353 3969 3961 3340 1030 3327 1941 3786 2068 4593 3457 1590 2186 4521 2072 3980 2008 92 4400 1809 2627 4099 2494 4027 2659 4042 847 1178 2592 1231 2680 2298 1514 623 165 3401 2723 184 387 3971 2237 1174 4215 1910 4794 3296 3223 3921 848 3602 1295 676 4676 4327 4247 319 3035 285 2184 2183 1054 4605 4947 1507 1447 173 2379 4194 1500 2127 3457 4593 2068 3786 4317 501 4363 2680 2298 1514 623 165 3401 2723 184 387 3971 2237 1174 4215 1019 1213 1265 4064 4087 3935 262 4536 4620 419 3557 3116 4512 1775 5 224 1126 1758 4676 676 1295 3602 4402 3829 2796 4550 2019 2705 3956 1859 3523 3761 4611 1558 958 933 3179 1252 1149 1524 439 4556 4343 3406 2352 836 625 538 3663 3923 523 463 1704 2333 2283 2311 3191 4437 3393 3649 2237 3971 1713 782 356 2114 1743 801 854 1109 1217 1024 34 
829


start: Kruskal spanning tree approach
 Time reqd for Kruskal spanning tree approach = 0.012396
4620 419 3557 3116 2856 1905 4549 15 3001 2417 969 4029 4739 1771 2959 4292 3406 2352 836 625 538 3663 3923 523 217 4104 3012 2275 4283 1053 3600 1940 2793 1194 2224 1539 4215 1174 2237 3971 1713 782 356 2114 1743 801 854 1109 1217 1024 34 
829






start: Naive Dijkstra's approach
 Time reqd for Naive Dijkstra's approach = 0.004839
316 4537 2693 1436 2110 346 1647 480 1311 1070 78 367 884 246 818 1653 829 1698 1765 725 1388 1689 1853 344 1732 2016 1830 1807 93 1854 582 1173 870 1789 1204 1821 1417 1510 463 156 1386 558 1896 173 875 859 607 609 1711 2038 1073 4414 1933 911 2045 3749 1088 1796 4413 4317 3369 2971 2171 3811 1923 2061 3579 3002 3622 2148 2635 2063 2392 4224 3983 1831 1997 2575 1442 2263 1464 438 3391 1455 1615 117 3341 2522 3336 762 1175 2868 606 1376 1533 291 979 1639 1806 1195 3071 4684 3078 381 997 3514 1959 1925 1021 4422 3729 791 4696 2722 2599 3739 1925 1959 3514 997 381 3078 4684 3071 1195 1806 1639 979 291 1533 1376 606 2868 1175 762 3336 2522 3341 117 1615 1455 3391 438 1464 2263 1442 2575 1997 1831 3983 4224 3456 2071 4267 3985 2322 4110 317 2882 2392 2063 2635 2148 3622 3002 3579 2061 1923 3049 4501 4553 3141 4212 4239 3728 2716 2354 1579 1260 3073 4833 3869 3388 811 2322 3985 4267 2071 3456 4224 3983 1831 1997 2575 1442 2263 1464 438 3391 1455 1615 117 3341 2522 3336 762 1175 2868 606 1376 1533 291 979 1639 1806 1195 2933 411 1436 2110 346 1647 2449 76 2310 610 315 166 2388 2680 2936 4834 1490 491 3962 1802 4968 1130 2847 3521 1051 1221 393 3535 3332 46 1796 1088 3749 3939 1389 1488 1571 224 556 414 2413 3291 3385 2109 1043 1270 2864 1246 2567 3511 1014 137 2290 2003 1096 4 1089 862 1217 1628 1828 1875 689 2973 1614 1292 818 2427 670 2766 905 2265 1267 2360 2690 2932 2639 245 711 89 2296 541 209 600 204 1370 226 1765 1698 2376 612 2815 979 1639 1806 1195 2933 411 1436 2110 346 1647 2449 76 2695 2186 1578 558 1896 723 3194 2347 878 2513 2624 2217 190 2426 1247 989 341 1503 130 1813 1036 2334 2466 2104 1899 1493 1290 797 2108 730 935 420 335 388 748 532 1995 1618 95 606 1376 1533 291 979 1639 1806 1195 1842 304 1901 87 416 1070 2343 1260 1579 2354 2716 2043 3030 1915 2616 306 45 1705 3733 936 1463 1680 4365 3836 1997 2575 1442 2263 2183 625 1334 1769 3541 1714 2704 2384 1061 2433 1541 3705 4906 2654 3164 2730 2327 3583 3576 1809 1093 826 1398 1584 56 4006 3692 3578 1820 197 3804 2665 3212 542 2350 1979 3273 37 466 2205 1417 1821 1204 3093 1036 73 2373 2330 870 2913 2003 2290 137 1014 3511 2567 1246 2864 1270 1043 2109 3385 2566 2656 895 1363 1646 2399 2237 2464 1791 229 415 587 4097 3236 1461 340 1238 2118 1758 4979 2260 1132 1714 3541 1769 1334 625 2183 2263 1442 2575 1997 1831 3983 4224 3456 2071 4267 3985 2322 811 2850 1488 1571 224 556 414 81 4632 2070 490 337 4406 791 4696 2722 2599 3739 3611 243 1274 1401 4749 3065 4284 1204 3093 1036 73 2373 4579 1644 60 1117 251 1943 1419 125 1042 1311 761 1711 1218 1769 3097 2545 1401 1422 1486 1678 3036 2606 2596 699 703 1719 1964 2100 307 2313 400 34 1024 1211 2655 2236 634 1443 2757 2529 623 1514 1234 779 2475 2449 479 775 13 528 1561 1397 1126 224 5 2383 1994 2004 410 459 394 1070 1062 538 625 836 2352 2129 1239 2861 2290 1423 1942 188 2593 2428 1291 945 1079 2474 576 4093 4118 377 381 3979 1415 3985 1436 2477 3222 490 2632 2032 2481 3019 3654 1361 276 2224 1194 2793 1940 2756 1371 3483 591 2406 2249 1825 1500 2127 401 3227 1696 935 306 224 2623 1289 680 2233 1212 2006 2564 4021 44 500 2619 564 1230 2868 4629 4626 2580 2750 2617 4235 2749 4748 4022 4456 3865 906 4166 4459 1660 1831 1828 1017 1900 1529 2365 3124 4175 4283 2653 4367 4194 1500 2127 3457 1590 2186 4521 2072 3980 2008 92 4400 1809 2627 4099 2494 4027 2659 4042 847 1178 2592 1231 2680 2298 1514 623 2529 2757 1443 634 2236 2655 1211 1024 34 400 2313 307 2100 1964 1719 703 95 600 1735 3168 13 528 1561 1397 1126 1758 4676 4327 4247 319 3035 3059 2044 1743 801 854 1109 1317 3304 2941 2972 279 282 2602 156 463 1704 1250 2459 79 3519 262 4536 4620 419 3557 3116 4512 1775 5 2383 1900 1529 2365 3124 4175 4283 1053 3600 1940 2793 1194 2224 1539 4215 1174 2237 3971 1713 782 356 2114 1743 801 854 1109 1217 1024 34 3588 2282 3466 1320 3546 3654 1361 276 2224 1194 2793 1940 3600 871 743 1611 3030 3620 1787 1135 2980 2013 1350 640 2035 2134 2318 3179 1252 1149 1524 
830


start: Dijkstra's Heap approach
 Time reqd for Dijkstra's Heap approach = 0.001925
316 4537 2693 1436 2110 2596 2726 4868 2960 4232 3558 61 4723 4919 2558 1716 3717 555 808 1986 414 677 2762 1850 2435 2026 4049 56 1584 1138 2058 2281 2038 1073 4414 1933 911 2045 3749 1088 1796 4413 4317 3369 4836 4517 4445 3309 2066 4985 3894 1846 4129 660 2297 791 4696 2722 2599 3739 1925 1021 4422 3729 791 2297 660 4129 1846 3894 4985 2066 3309 4445 4517 4836 3369 2971 2171 3811 1923 3049 4501 4553 3141 4212 4239 3728 2716 2354 1579 1260 3073 4833 3869 3388 811 2322 3985 4267 2071 3456 4224 3983 1831 1997 2575 1442 2263 1464 438 3391 1455 1615 117 3341 2522 3336 762 1175 2868 606 1376 1533 291 979 1639 1806 1195 2933 411 1436 2110 346 1647 2449 76 2310 610 315 166 2388 2680 2936 4834 1490 491 3962 1802 4968 1130 2847 3941 334 2395 4210 679 161 1942 3016 1070 78 367 4028 4658 3271 3594 4613 2423 2879 4949 311 829 1698 2376 3099 2811 2046 3958 3090 2449 76 2695 2186 1578 558 1896 4502 3171 1742 912 4571 1217 3867 549 2749 4283 3776 3232 114 4907 2125 4702 3748 2980 3926 235 4013 1070 78 367 4075 1453 2589 2231 2561 1055 4406 791 4696 2722 2599 3739 1925 1959 3514 997 381 2554 2683 3156 1542 2043 3030 1915 2616 306 45 1705 3733 936 1463 1680 4365 3836 1997 2575 1442 2263 2183 625 1334 1769 3541 1714 2704 2384 1061 2433 1541 3705 4906 2654 3164 2730 2327 3583 3576 1809 1093 826 1398 1584 56 2406 4143 1011 4474 4452 1742 912 371 3915 1692 1638 3248 3734 3884 3830 3888 3163 3247 3467 4278 3864 38 2563 1292 818 2427 456 2984 2170 1617 2342 2843 3515 283 3379 2635 2148 1438 181 4867 3471 1870 415 587 4097 3236 1461 340 1238 2118 1758 4979 2260 1132 1714 3541 1769 1334 625 2183 2263 1442 2575 1997 1831 3983 4224 3456 2071 4267 3985 2322 811 2850 1488 1571 224 556 414 81 4632 2070 490 337 4406 791 4696 849 4434 3709 4304 4583 2984 2170 1617 2991 1713 1461 340 1238 2118 1758 4979 2260 1132 1714 3541 1769 1334 625 2183 2263 1442 2575 1997 1831 3983 4224 2392 2063 2635 2148 3622 3002 138 2290 2003 1096 1985 1909 629 1947 4475 2743 4756 1561 1417 1821 1204 3093 1036 73 2373 4579 1644 60 2328 4733 3462 2682 920 1553 1037 4030 4783 276 2224 1194 2793 1417 508 1068 4008 4525 4283 4175 3926 1756 4693 1107 3244 4000 3927 3530 1397 1795 3182 2569 4256 1784 1376 1335 310 3554 4062 654 3664 3500 4424 3053 1588 4439 4989 4083 4136 4436 4796 615 2358 221 2864 4569 1232 669 3533 1233 1007 3576 3450 4646 3030 3620 1787 2276 4154 381 3979 1415 3985 1436 2477 3222 490 2632 2032 4358 1140 331 354 3090 308 728 575 3901 2019 4550 2796 3829 4402 498 229 4408 4613 4309 4387 1057 3902 2752 3642 2657 4493 212 1938 700 4935 4684 2911 1826 4272 1845 1071 4933 4034 3231 2484 731 4966 4023 4238 2040 2841 1616 3992 1764 1410 1123 712 2455 1821 1926 3920 1685 2006 2564 4021 44 500 2619 564 1230 2868 4629 4626 2580 2750 2617 4235 2749 4748 4022 1426 4615 464 4203 1641 793 2306 881 4932 4280 3422 4269 353 3969 3961 3340 1030 3327 1941 3786 2068 4593 3457 1590 2186 4521 2072 3980 2008 92 4400 1809 2627 4099 2494 4027 2659 4042 847 1178 2592 1231 2680 2298 1514 623 165 3401 2723 184 387 3971 2237 1174 4215 1910 4794 3296 3223 3921 848 3602 1295 676 4676 4327 4247 319 3035 285 2184 2183 1054 4605 4947 1507 1447 173 2379 4194 1500 2127 3457 4593 2068 3786 4317 501 4363 2680 2298 1514 623 165 3401 2723 184 387 3971 2237 1174 4215 1019 1213 1265 4064 4087 3935 262 4536 4620 419 3557 3116 4512 1775 5 224 1126 1758 4676 676 1295 3602 4402 3829 2796 4550 2019 2705 3956 1859 3523 3761 4611 1558 958 933 3179 1252 1149 1524 439 4556 4343 3406 2352 836 625 538 3663 3923 523 463 1704 2333 2283 2311 3191 4437 3393 3649 2237 3971 1713 782 356 2114 1743 801 854 1109 1217 1024 34 3588 2282 3466 1320 3546 3654 1361 276 2224 1194 2793 1940 3600 1053 4283 4175 3124 2365 1529 1900 2383 5 224 2623 1289 680 2233 1212 2006 1685 3920 1149 1524 
830


start: Kruskal spanning tree approach
 Time reqd for Kruskal spanning tree approach = 0.010866
3588 2282 3466 1320 3546 564 1230 2868 4629 4626 2580 2750 2617 4235 2749 4748 4022 1426 4615 464 4203 1641 793 2306 881 4932 4280 543 2856 1905 4549 15 3001 2417 969 4029 4739 1771 2959 4292 3406 4343 4556 439 1524 
830






start: Naive Dijkstra's approach
 Time reqd for Naive Dijkstra's approach = 0.066592
316 4537 2693 1436 2110 346 1647 480 1311 1070 78 367 884 246 818 1653 829 1698 1765 725 1388 1689 1853 344 1732 2016 1830 1807 93 1854 582 1173 870 1789 1204 1821 1417 1510 463 156 1386 558 1896 173 875 859 607 609 1711 2038 1073 4414 1933 911 2045 3749 1088 1796 4413 4317 3369 2971 2171 3811 1923 2061 3579 3002 3622 2148 2635 2063 2392 4224 3983 1831 1997 2575 1442 2263 1464 438 3391 1455 1615 117 3341 2522 3336 762 1175 2868 606 1376 1533 291 979 1639 1806 1195 3071 4684 3078 381 997 3514 1959 1925 1021 4422 3729 791 4696 2722 2599 3739 1925 1959 3514 997 381 3078 4684 3071 1195 1806 1639 979 291 1533 1376 606 2868 1175 762 3336 2522 3341 117 1615 1455 3391 438 1464 2263 1442 2575 1997 1831 3983 4224 3456 2071 4267 3985 2322 4110 317 2882 2392 2063 2635 2148 3622 3002 3579 2061 1923 3049 4501 4553 3141 4212 4239 3728 2716 2354 1579 1260 3073 4833 3869 3388 811 2322 3985 4267 2071 3456 4224 3983 1831 1997 2575 1442 2263 1464 438 3391 1455 1615 117 3341 2522 3336 762 1175 2868 606 1376 1533 291 979 1639 1806 1195 2933 411 1436 2110 346 1647 2449 76 2310 610 315 166 2388 2680 2936 4834 1490 491 3962 1802 4968 1130 2847 3521 1051 1221 393 3535 3332 46 1796 1088 3749 3939 1389 1488 1571 224 556 414 2413 3291 3385 2109 1043 1270 2864 1246 2567 3511 1014 137 2290 2003 1096 4 1089 862 1217 1628 1828 1875 689 2973 1614 1292 818 2427 670 2766 905 2265 1267 2360 2690 2932 2639 245 711 89 2296 541 209 600 204 1370 226 1765 1698 2376 612 2815 979 1639 1806 1195 2933 411 1436 2110 346 1647 2449 76 2695 2186 1578 558 1896 723 3194 2347 878 2513 2624 2217 190 2426 1247 989 341 1503 130 1813 1036 2334 2466 2104 1899 1493 1290 797 2108 730 935 420 335 388 748 532 1995 1618 95 606 1376 1533 291 979 1639 1806 1195 1842 304 1901 87 416 1070 2343 1260 1579 2354 2716 2043 3030 1915 2616 306 45 1705 3733 936 1463 1680 4365 3836 1997 2575 1442 2263 2183 625 1334 1769 3541 1714 2704 2384 1061 2433 1541 3705 4906 2654 3164 2730 2327 3583 3576 1809 1093 826 1398 1584 56 4006 3692 3578 1820 197 3804 2665 3212 542 2350 1979 3273 37 466 2205 1417 1821 1204 3093 1036 73 2373 2330 870 2913 2003 2290 137 1014 3511 2567 1246 2864 1270 1043 2109 3385 2566 2656 895 1363 1646 2399 2237 2464 1791 229 415 587 4097 3236 1461 340 1238 2118 1758 4979 2260 1132 1714 3541 1769 1334 625 2183 2263 1442 2575 1997 1831 3983 4224 3456 2071 4267 3985 2322 811 2850 1488 1571 224 556 414 81 4632 2070 490 337 4406 791 4696 2722 2599 3739 3611 243 1274 1401 4749 3065 4284 1204 3093 1036 73 2373 4579 1644 60 1117 251 1943 1419 125 1042 1311 761 1711 1218 1769 3097 2545 1401 1422 1486 1678 3036 2606 2596 699 703 1719 1964 2100 307 2313 400 34 1024 1211 2655 2236 634 1443 2757 2529 623 1514 1234 779 2475 2449 479 775 13 528 1561 1397 1126 224 5 2383 1994 2004 410 459 394 1070 1062 538 625 836 2352 2129 1239 2861 2290 1423 1942 188 2593 2428 1291 945 1079 2474 576 4093 4118 377 381 3979 1415 3985 1436 2477 3222 490 2632 2032 2481 3019 3654 1361 276 2224 1194 2793 1940 2756 1371 3483 591 2406 2249 1825 1500 2127 401 3227 1696 935 306 224 2623 1289 680 2233 1212 2006 2564 4021 44 500 2619 564 1230 2868 4629 4626 2580 2750 2617 4235 2749 4748 4022 4456 3865 906 4166 4459 1660 1831 1828 1017 1900 1529 2365 3124 4175 4283 2653 4367 4194 1500 2127 3457 1590 2186 4521 2072 3980 2008 92 4400 1809 2627 4099 2494 4027 2659 4042 847 1178 2592 1231 2680 2298 1514 623 2529 2757 1443 634 2236 2655 1211 1024 34 400 2313 307 2100 1964 1719 703 95 600 1735 3168 13 528 1561 1397 1126 1758 4676 4327 4247 319 3035 3059 2044 1743 801 854 1109 1317 3304 2941 2972 279 282 2602 156 463 1704 1250 2459 79 3519 262 4536 4620 419 3557 3116 4512 1775 5 2383 1900 1529 2365 3124 4175 4283 1053 3600 1940 2793 1194 2224 1539 4215 1174 2237 3971 1713 782 356 2114 1743 801 854 1109 1217 1024 34 3588 2282 3466 1320 3546 3654 1361 276 2224 1194 2793 1940 3600 871 743 1611 3030 3620 1787 1135 2980 2013 1350 640 2035 2134 2318 3179 1252 1149 1524 1708 1954 2261 4727 4637 3398 4150 2649 465 794 1998 1991 388 202 2761 1902 3249 2479 2345 1589 2602 282 279 2697 1597 1966 2502 2418 606 1008 2133 1213 1019 968 3645 1247 1120 1379 1977 2071 2375 2638 1819 3851 3194 1909 
781


start: Dijkstra's Heap approach
 Time reqd for Dijkstra's Heap approach = 0.003237
316 4537 2693 1436 2110 2596 2726 4868 2960 4232 3558 61 4723 4919 2558 1716 3717 555 808 1986 414 677 2762 1850 2435 2026 4049 56 1584 1138 2058 2281 2038 1073 4414 1933 911 2045 3749 1088 1796 4413 4317 3369 4836 4517 4445 3309 2066 4985 3894 1846 4129 660 2297 791 4696 2722 2599 3739 1925 1021 4422 3729 791 2297 660 4129 1846 3894 4985 2066 3309 4445 4517 4836 3369 2971 2171 3811 1923 3049 4501 4553 3141 4212 4239 3728 2716 2354 1579 1260 3073 4833 3869 3388 811 2322 3985 4267 2071 3456 4224 3983 1831 1997 2575 1442 2263 1464 438 3391 1455 1615 117 3341 2522 3336 762 1175 2868 606 1376 1533 291 979 1639 1806 1195 2933 411 1436 2110 346 1647 2449 76 2310 610 315 166 2388 2680 2936 4834 1490 491 3962 1802 4968 1130 2847 3941 334 2395 4210 679 161 1942 3016 1070 78 367 4028 4658 3271 3594 4613 2423 2879 4949 311 829 1698 2376 3099 2811 2046 3958 3090 2449 76 2695 2186 1578 558 1896 4502 3171 1742 912 4571 1217 3867 549 2749 4283 3776 3232 114 4907 2125 4702 3748 2980 3926 235 4013 1070 78 367 4075 1453 2589 2231 2561 1055 4406 791 4696 2722 2599 3739 1925 1959 3514 997 381 2554 2683 3156 1542 2043 3030 1915 2616 306 45 1705 3733 936 1463 1680 4365 3836 1997 2575 1442 2263 2183 625 1334 1769 3541 1714 2704 2384 1061 2433 1541 3705 4906 2654 3164 2730 2327 3583 3576 1809 1093 826 1398 1584 56 2406 4143 1011 4474 4452 1742 912 371 3915 1692 1638 3248 3734 3884 3830 3888 3163 3247 3467 4278 3864 38 2563 1292 818 2427 456 2984 2170 1617 2342 2843 3515 283 3379 2635 2148 1438 181 4867 3471 1870 415 587 4097 3236 1461 340 1238 2118 1758 4979 2260 1132 1714 3541 1769 1334 625 2183 2263 1442 2575 1997 1831 3983 4224 3456 2071 4267 3985 2322 811 2850 1488 1571 224 556 414 81 4632 2070 490 337 4406 791 4696 849 4434 3709 4304 4583 2984 2170 1617 2991 1713 1461 340 1238 2118 1758 4979 2260 1132 1714 3541 1769 1334 625 2183 2263 1442 2575 1997 1831 3983 4224 2392 2063 2635 2148 3622 3002 138 2290 2003 1096 1985 1909 629 1947 4475 2743 4756 1561 1417 1821 1204 3093 1036 73 2373 4579 1644 60 2328 4733 3462 2682 920 1553 1037 4030 4783 276 2224 1194 2793 1417 508 1068 4008 4525 4283 4175 3926 1756 4693 1107 3244 4000 3927 3530 1397 1795 3182 2569 4256 1784 1376 1335 310 3554 4062 654 3664 3500 4424 3053 1588 4439 4989 4083 4136 4436 4796 615 2358 221 2864 4569 1232 669 3533 1233 1007 3576 3450 4646 3030 3620 1787 2276 4154 381 3979 1415 3985 1436 2477 3222 490 2632 2032 4358 1140 331 354 3090 308 728 575 3901 2019 4550 2796 3829 4402 498 229 4408 4613 4309 4387 1057 3902 2752 3642 2657 4493 212 1938 700 4935 4684 2911 1826 4272 1845 1071 4933 4034 3231 2484 731 4966 4023 4238 2040 2841 1616 3992 1764 1410 1123 712 2455 1821 1926 3920 1685 2006 2564 4021 44 500 2619 564 1230 2868 4629 4626 2580 2750 2617 4235 2749 4748 4022 1426 4615 464 4203 1641 793 2306 881 4932 4280 3422 4269 353 3969 3961 3340 1030 3327 1941 3786 2068 4593 3457 1590 2186 4521 2072 3980 2008 92 4400 1809 2627 4099 2494 4027 2659 4042 847 1178 2592 1231 2680 2298 1514 623 165 3401 2723 184 387 3971 2237 1174 4215 1910 4794 3296 3223 3921 848 3602 1295 676 4676 4327 4247 319 3035 285 2184 2183 1054 4605 4947 1507 1447 173 2379 4194 1500 2127 3457 4593 2068 3786 4317 501 4363 2680 2298 1514 623 165 3401 2723 184 387 3971 2237 1174 4215 1019 1213 1265 4064 4087 3935 262 4536 4620 419 3557 3116 4512 1775 5 224 1126 1758 4676 676 1295 3602 4402 3829 2796 4550 2019 2705 3956 1859 3523 3761 4611 1558 958 933 3179 1252 1149 1524 439 4556 4343 3406 2352 836 625 538 3663 3923 523 463 1704 2333 2283 2311 3191 4437 3393 3649 2237 3971 1713 782 356 2114 1743 801 854 1109 1217 1024 34 3588 2282 3466 1320 3546 3654 1361 276 2224 1194 2793 1940 3600 1053 4283 4175 3124 2365 1529 1900 2383 5 224 2623 1289 680 2233 1212 2006 1685 3920 1149 1524 1708 1954 2261 4727 4637 3398 4150 2649 465 794 4935 4684 2911 1826 3168 1735 2094 1884 1967 4410 4220 2920 4056 335 4809 2072 3980 568 4634 4847 3244 1107 4693 430 4137 1534 4749 3351 4241 3336 3792 527 2411 1086 769 238 1640 1477 1563 3525 2837 862 3911 3224 524 1698 2146 4797 4492 1269 318 2221 1753 4357 27 4954 4043 1509 2102 817 4058 1909 
781


start: Kruskal spanning tree approach
 Time reqd for Kruskal spanning tree approach = 0.011644
1708 1954 2261 4727 4637 3398 4150 2649 465 794 1998 2056 2427 4250 718 80 4827 771 4221 2035 2134 2318 3179 1252 1149 1524 439 4556 4343 3406 4292 2959 1771 4254 2489 4039 3862 4813 3681 3798 3828 339 2264 4737 562 4467 3183 2954 3589 1170 2484 3231 3939 2647 435 219 4658 3851 3194 1909 
781






start: Naive Dijkstra's approach
 Time reqd for Naive Dijkstra's approach = 0.069759
316 4537 2693 1436 2110 346 1647 480 1311 1070 78 367 884 246 818 1653 829 1698 1765 725 1388 1689 1853 344 1732 2016 1830 1807 93 1854 582 1173 870 1789 1204 1821 1417 1510 463 156 1386 558 1896 173 875 859 607 609 1711 2038 1073 4414 1933 911 2045 3749 1088 1796 4413 4317 3369 2971 2171 3811 1923 2061 3579 3002 3622 2148 2635 2063 2392 4224 3983 1831 1997 2575 1442 2263 1464 438 3391 1455 1615 117 3341 2522 3336 762 1175 2868 606 1376 1533 291 979 1639 1806 1195 3071 4684 3078 381 997 3514 1959 1925 1021 4422 3729 791 4696 2722 2599 3739 1925 1959 3514 997 381 3078 4684 3071 1195 1806 1639 979 291 1533 1376 606 2868 1175 762 3336 2522 3341 117 1615 1455 3391 438 1464 2263 1442 2575 1997 1831 3983 4224 3456 2071 4267 3985 2322 4110 317 2882 2392 2063 2635 2148 3622 3002 3579 2061 1923 3049 4501 4553 3141 4212 4239 3728 2716 2354 1579 1260 3073 4833 3869 3388 811 2322 3985 4267 2071 3456 4224 3983 1831 1997 2575 1442 2263 1464 438 3391 1455 1615 117 3341 2522 3336 762 1175 2868 606 1376 1533 291 979 1639 1806 1195 2933 411 1436 2110 346 1647 2449 76 2310 610 315 166 2388 2680 2936 4834 1490 491 3962 1802 4968 1130 2847 3521 1051 1221 393 3535 3332 46 1796 1088 3749 3939 1389 1488 1571 224 556 414 2413 3291 3385 2109 1043 1270 2864 1246 2567 3511 1014 137 2290 2003 1096 4 1089 862 1217 1628 1828 1875 689 2973 1614 1292 818 2427 670 2766 905 2265 1267 2360 2690 2932 2639 245 711 89 2296 541 209 600 204 1370 226 1765 1698 2376 612 2815 979 1639 1806 1195 2933 411 1436 2110 346 1647 2449 76 2695 2186 1578 558 1896 723 3194 2347 878 2513 2624 2217 190 2426 1247 989 341 1503 130 1813 1036 2334 2466 2104 1899 1493 1290 797 2108 730 935 420 335 388 748 532 1995 1618 95 606 1376 1533 291 979 1639 1806 1195 1842 304 1901 87 416 1070 2343 1260 1579 2354 2716 2043 3030 1915 2616 306 45 1705 3733 936 1463 1680 4365 3836 1997 2575 1442 2263 2183 625 1334 1769 3541 1714 2704 2384 1061 2433 1541 3705 4906 2654 3164 2730 2327 3583 3576 1809 1093 826 1398 1584 56 4006 3692 3578 1820 197 3804 2665 3212 542 2350 1979 3273 37 466 2205 1417 1821 1204 3093 1036 73 2373 2330 870 2913 2003 2290 137 1014 3511 2567 1246 2864 1270 1043 2109 3385 2566 2656 895 1363 1646 2399 2237 2464 1791 229 415 587 4097 3236 1461 340 1238 2118 1758 4979 2260 1132 1714 3541 1769 1334 625 2183 2263 1442 2575 1997 1831 3983 4224 3456 2071 4267 3985 2322 811 2850 1488 1571 224 556 414 81 4632 2070 490 337 4406 791 4696 2722 2599 3739 3611 243 1274 1401 4749 3065 4284 1204 3093 1036 73 2373 4579 1644 60 1117 251 1943 1419 125 1042 1311 761 1711 1218 1769 3097 2545 1401 1422 1486 1678 3036 2606 2596 699 703 1719 1964 2100 307 2313 400 34 1024 1211 2655 2236 634 1443 2757 2529 623 1514 1234 779 2475 2449 479 775 13 528 1561 1397 1126 224 5 2383 1994 2004 410 459 394 1070 1062 538 625 836 2352 2129 1239 2861 2290 1423 1942 188 2593 2428 1291 945 1079 2474 576 4093 4118 377 381 3979 1415 3985 1436 2477 3222 490 2632 2032 2481 3019 3654 1361 276 2224 1194 2793 1940 2756 1371 3483 591 2406 2249 1825 1500 2127 401 3227 1696 935 306 224 2623 1289 680 2233 1212 2006 2564 4021 44 500 2619 564 1230 2868 4629 4626 2580 2750 2617 4235 2749 4748 4022 4456 3865 906 4166 4459 1660 1831 1828 1017 1900 1529 2365 3124 4175 4283 2653 4367 4194 1500 2127 3457 1590 2186 4521 2072 3980 2008 92 4400 1809 2627 4099 2494 4027 2659 4042 847 1178 2592 1231 2680 2298 1514 623 2529 2757 1443 634 2236 2655 1211 1024 34 400 2313 307 2100 1964 1719 703 95 600 1735 3168 13 528 1561 1397 1126 1758 4676 4327 4247 319 3035 3059 2044 1743 801 854 1109 1317 3304 2941 2972 279 282 2602 156 463 1704 1250 2459 79 3519 262 4536 4620 419 3557 3116 4512 1775 5 2383 1900 1529 2365 3124 4175 4283 1053 3600 1940 2793 1194 2224 1539 4215 1174 2237 3971 1713 782 356 2114 1743 801 854 1109 1217 1024 34 3588 2282 3466 1320 3546 3654 1361 276 2224 1194 2793 1940 3600 871 743 1611 3030 3620 1787 1135 2980 2013 1350 640 2035 2134 2318 3179 1252 1149 1524 1708 1954 2261 4727 4637 3398 4150 2649 465 794 1998 1991 388 202 2761 1902 3249 2479 2345 1589 2602 282 279 2697 1597 1966 2502 2418 606 1008 2133 1213 1019 968 3645 1247 1120 1379 1977 2071 2375 2638 1819 3851 3194 1909 4007 1552 4098 1519 3482 2512 2415 4635 996 323 3089 2932 2792 4781 906 4166 4459 1660 1831 1828 1017 1900 1529 2365 3124 4175 4283 1053 3600 1940 2793 1194 2224 1539 4215 1019 1213 1265 4064 4087 3935 262 3519 3577 787 
849


start: Dijkstra's Heap approach
 Time reqd for Dijkstra's Heap approach = 0.004693
316 4537 2693 1436 2110 2596 2726 4868 2960 4232 3558 61 4723 4919 2558 1716 3717 555 808 1986 414 677 2762 1850 2435 2026 4049 56 1584 1138 2058 2281 2038 1073 4414 1933 911 2045 3749 1088 1796 4413 4317 3369 4836 4517 4445 3309 2066 4985 3894 1846 4129 660 2297 791 4696 2722 2599 3739 1925 1021 4422 3729 791 2297 660 4129 1846 3894 4985 2066 3309 4445 4517 4836 3369 2971 2171 3811 1923 3049 4501 4553 3141 4212 4239 3728 2716 2354 1579 1260 3073 4833 3869 3388 811 2322 3985 4267 2071 3456 4224 3983 1831 1997 2575 1442 2263 1464 438 3391 1455 1615 117 3341 2522 3336 762 1175 2868 606 1376 1533 291 979 1639 1806 1195 2933 411 1436 2110 346 1647 2449 76 2310 610 315 166 2388 2680 2936 4834 1490 491 3962 1802 4968 1130 2847 3941 334 2395 4210 679 161 1942 3016 1070 78 367 4028 4658 3271 3594 4613 2423 2879 4949 311 829 1698 2376 3099 2811 2046 3958 3090 2449 76 2695 2186 1578 558 1896 4502 3171 1742 912 4571 1217 3867 549 2749 4283 3776 3232 114 4907 2125 4702 3748 2980 3926 235 4013 1070 78 367 4075 1453 2589 2231 2561 1055 4406 791 4696 2722 2599 3739 1925 1959 3514 997 381 2554 2683 3156 1542 2043 3030 1915 2616 306 45 1705 3733 936 1463 1680 4365 3836 1997 2575 1442 2263 2183 625 1334 1769 3541 1714 2704 2384 1061 2433 1541 3705 4906 2654 3164 2730 2327 3583 3576 1809 1093 826 1398 1584 56 2406 4143 1011 4474 4452 1742 912 371 3915 1692 1638 3248 3734 3884 3830 3888 3163 3247 3467 4278 3864 38 2563 1292 818 2427 456 2984 2170 1617 2342 2843 3515 283 3379 2635 2148 1438 181 4867 3471 1870 415 587 4097 3236 1461 340 1238 2118 1758 4979 2260 1132 1714 3541 1769 1334 625 2183 2263 1442 2575 1997 1831 3983 4224 3456 2071 4267 3985 2322 811 2850 1488 1571 224 556 414 81 4632 2070 490 337 4406 791 4696 849 4434 3709 4304 4583 2984 2170 1617 2991 1713 1461 340 1238 2118 1758 4979 2260 1132 1714 3541 1769 1334 625 2183 2263 1442 2575 1997 1831 3983 4224 2392 2063 2635 2148 3622 3002 138 2290 2003 1096 1985 1909 629 1947 4475 2743 4756 1561 1417 1821 1204 3093 1036 73 2373 4579 1644 60 2328 4733 3462 2682 920 1553 1037 4030 4783 276 2224 1194 2793 1417 508 1068 4008 4525 4283 4175 3926 1756 4693 1107 3244 4000 3927 3530 1397 1795 3182 2569 4256 1784 1376 1335 310 3554 4062 654 3664 3500 4424 3053 1588 4439 4989 4083 4136 4436 4796 615 2358 221 2864 4569 1232 669 3533 1233 1007 3576 3450 4646 3030 3620 1787 2276 4154 381 3979 1415 3985 1436 2477 3222 490 2632 2032 4358 1140 331 354 3090 308 728 575 3901 2019 4550 2796 3829 4402 498 229 4408 4613 4309 4387 1057 3902 2752 3642 2657 4493 212 1938 700 4935 4684 2911 1826 4272 1845 1071 4933 4034 3231 2484 731 4966 4023 4238 2040 2841 1616 3992 1764 1410 1123 712 2455 1821 1926 3920 1685 2006 2564 4021 44 500 2619 564 1230 2868 4629 4626 2580 2750 2617 4235 2749 4748 4022 1426 4615 464 4203 1641 793 2306 881 4932 4280 3422 4269 353 3969 3961 3340 1030 3327 1941 3786 2068 4593 3457 1590 2186 4521 2072 3980 2008 92 4400 1809 2627 4099 2494 4027 2659 4042 847 1178 2592 1231 2680 2298 1514 623 165 3401 2723 184 387 3971 2237 1174 4215 1910 4794 3296 3223 3921 848 3602 1295 676 4676 4327 4247 319 3035 285 2184 2183 1054 4605 4947 1507 1447 173 2379 4194 1500 2127 3457 4593 2068 3786 4317 501 4363 2680 2298 1514 623 165 3401 2723 184 387 3971 2237 1174 4215 1019 1213 1265 4064 4087 3935 262 4536 4620 419 3557 3116 4512 1775 5 224 1126 1758 4676 676 1295 3602 4402 3829 2796 4550 2019 2705 3956 1859 3523 3761 4611 1558 958 933 3179 1252 1149 1524 439 4556 4343 3406 2352 836 625 538 3663 3923 523 463 1704 2333 2283 2311 3191 4437 3393 3649 2237 3971 1713 782 356 2114 1743 801 854 1109 1217 1024 34 3588 2282 3466 1320 3546 3654 1361 276 2224 1194 2793 1940 3600 1053 4283 4175 3124 2365 1529 1900 2383 5 224 2623 1289 680 2233 1212 2006 1685 3920 1149 1524 1708 1954 2261 4727 4637 3398 4150 2649 465 794 4935 4684 2911 1826 3168 1735 2094 1884 1967 4410 4220 2920 4056 335 4809 2072 3980 568 4634 4847 3244 1107 4693 430 4137 1534 4749 3351 4241 3336 3792 527 2411 1086 769 238 1640 1477 1563 3525 2837 862 3911 3224 524 1698 2146 4797 4492 1269 318 2221 1753 4357 27 4954 4043 1509 2102 817 4058 1909 4007 1552 4098 1519 3482 2512 2415 4635 996 323 3089 2932 2792 4781 906 3865 4456 4022 1426 4615 3029 1766 297 3949 1818 2748 2180 4567 2431 2898 700 4935 2546 3894 2186 1590 2291 2314 2746 1773 1971 2207 1328 4710 1539 4215 1019 1213 1265 4064 4087 3935 262 3519 3577 787 
849


start: Kruskal spanning tree approach
 Time reqd for Kruskal spanning tree approach = 0.012941
4007 1552 4098 1519 3482 2512 2415 4635 996 323 3089 2932 2792 4781 906 3865 4456 4022 1426 4615 464 4203 1641 793 2306 881 4932 4280 543 2856 1905 4549 15 3001 2417 969 4029 4739 1771 2959 4292 3406 2352 836 625 538 3663 3923 523 217 4104 3012 2275 4283 1053 3600 1940 2793 1194 2224 1539 4215 1019 1213 1265 4064 4087 3935 262 3519 3577 787 
849






start: Naive Dijkstra's approach
 Time reqd for Naive Dijkstra's approach = 0.031311
316 4537 2693 1436 2110 346 1647 480 1311 1070 78 367 884 246 818 1653 829 1698 1765 725 1388 1689 1853 344 1732 2016 1830 1807 93 1854 582 1173 870 1789 1204 1821 1417 1510 463 156 1386 558 1896 173 875 859 607 609 1711 2038 1073 4414 1933 911 2045 3749 1088 1796 4413 4317 3369 2971 2171 3811 1923 2061 3579 3002 3622 2148 2635 2063 2392 4224 3983 1831 1997 2575 1442 2263 1464 438 3391 1455 1615 117 3341 2522 3336 762 1175 2868 606 1376 1533 291 979 1639 1806 1195 3071 4684 3078 381 997 3514 1959 1925 1021 4422 3729 791 4696 2722 2599 3739 1925 1959 3514 997 381 3078 4684 3071 1195 1806 1639 979 291 1533 1376 606 2868 1175 762 3336 2522 3341 117 1615 1455 3391 438 1464 2263 1442 2575 1997 1831 3983 4224 3456 2071 4267 3985 2322 4110 317 2882 2392 2063 2635 2148 3622 3002 3579 2061 1923 3049 4501 4553 3141 4212 4239 3728 2716 2354 1579 1260 3073 4833 3869 3388 811 2322 3985 4267 2071 3456 4224 3983 1831 1997 2575 1442 2263 1464 438 3391 1455 1615 117 3341 2522 3336 762 1175 2868 606 1376 1533 291 979 1639 1806 1195 2933 411 1436 2110 346 1647 2449 76 2310 610 315 166 2388 2680 2936 4834 1490 491 3962 1802 4968 1130 2847 3521 1051 1221 393 3535 3332 46 1796 1088 3749 3939 1389 1488 1571 224 556 414 2413 3291 3385 2109 1043 1270 2864 1246 2567 3511 1014 137 2290 2003 1096 4 1089 862 1217 1628 1828 1875 689 2973 1614 1292 818 2427 670 2766 905 2265 1267 2360 2690 2932 2639 245 711 89 2296 541 209 600 204 1370 226 1765 1698 2376 612 2815 979 1639 1806 1195 2933 411 1436 2110 346 1647 2449 76 2695 2186 1578 558 1896 723 3194 2347 878 2513 2624 2217 190 2426 1247 989 341 1503 130 1813 1036 2334 2466 2104 1899 1493 1290 797 2108 730 935 420 335 388 748 532 1995 1618 95 606 1376 1533 291 979 1639 1806 1195 1842 304 1901 87 416 1070 2343 1260 1579 2354 2716 2043 3030 1915 2616 306 45 1705 3733 936 1463 1680 4365 3836 1997 2575 1442 2263 2183 625 1334 1769 3541 1714 2704 2384 1061 2433 1541 3705 4906 2654 3164 2730 2327 3583 3576 1809 1093 826 1398 1584 56 4006 3692 3578 1820 197 3804 2665 3212 542 2350 1979 3273 37 466 2205 1417 1821 1204 3093 1036 73 2373 2330 870 2913 2003 2290 137 1014 3511 2567 1246 2864 1270 1043 2109 3385 2566 2656 895 1363 1646 2399 2237 2464 1791 229 415 587 4097 3236 1461 340 1238 2118 1758 4979 2260 1132 1714 3541 1769 1334 625 2183 2263 1442 2575 1997 1831 3983 4224 3456 2071 4267 3985 2322 811 2850 1488 1571 224 556 414 81 4632 2070 490 337 4406 791 4696 2722 2599 3739 3611 243 1274 1401 4749 3065 4284 1204 3093 1036 73 2373 4579 1644 60 1117 251 1943 1419 125 1042 1311 761 1711 1218 1769 3097 2545 1401 1422 1486 1678 3036 2606 2596 699 703 1719 1964 2100 307 2313 400 34 1024 1211 2655 2236 634 1443 2757 2529 623 1514 1234 779 2475 2449 479 775 13 528 1561 1397 1126 224 5 2383 1994 2004 410 459 394 1070 1062 538 625 836 2352 2129 1239 2861 2290 1423 1942 188 2593 2428 1291 945 1079 2474 576 4093 4118 377 381 3979 1415 3985 1436 2477 3222 490 2632 2032 2481 3019 3654 1361 276 2224 1194 2793 1940 2756 1371 3483 591 2406 2249 1825 1500 2127 401 3227 1696 935 306 224 2623 1289 680 2233 1212 2006 2564 4021 44 500 2619 564 1230 2868 4629 4626 2580 2750 2617 4235 2749 4748 4022 4456 3865 906 4166 4459 1660 1831 1828 1017 1900 1529 2365 3124 4175 4283 2653 4367 4194 1500 2127 3457 1590 2186 4521 2072 3980 2008 92 4400 1809 2627 4099 2494 4027 2659 4042 847 1178 2592 1231 2680 2298 1514 623 2529 2757 1443 634 2236 2655 1211 1024 34 400 2313 307 2100 1964 1719 703 95 600 1735 3168 13 528 1561 1397 1126 1758 4676 4327 4247 319 3035 3059 2044 1743 801 854 1109 1317 3304 2941 2972 279 282 2602 156 463 1704 1250 2459 79 3519 262 4536 4620 419 3557 3116 4512 1775 5 2383 1900 1529 2365 3124 4175 4283 1053 3600 1940 2793 1194 2224 1539 4215 1174 2237 3971 1713 782 356 2114 1743 801 854 1109 1217 1024 34 3588 2282 3466 1320 3546 3654 1361 276 2224 1194 2793 1940 3600 871 743 1611 3030 3620 1787 1135 2980 2013 1350 640 2035 2134 2318 3179 1252 1149 1524 1708 1954 2261 4727 4637 3398 4150 2649 465 794 1998 1991 388 202 2761 1902 3249 2479 2345 1589 2602 282 279 2697 1597 1966 2502 2418 606 1008 2133 1213 1019 968 3645 1247 1120 1379 1977 2071 2375 2638 1819 3851 3194 1909 4007 1552 4098 1519 3482 2512 2415 4635 996 323 3089 2932 2792 4781 906 4166 4459 1660 1831 1828 1017 1900 1529 2365 3124 4175 4283 1053 3600 1940 2793 1194 2224 1539 4215 1019 1213 1265 4064 4087 3935 262 3519 3577 787 869 273 698 2752 3902 1057 1862 345 2783 2595 1203 1936 2233 1212 2006 1685 3920 1926 1821 2455 712 1123 1410 1764 3148 217 523 463 3861 1240 2743 3136 3801 3366 2131 969 2417 3720 4121 2102 4223 3959 636 2362 3834 951 1015 1804 
836


start: Dijkstra's Heap approach
 Time reqd for Dijkstra's Heap approach = 0.00339
316 4537 2693 1436 2110 2596 2726 4868 2960 4232 3558 61 4723 4919 2558 1716 3717 555 808 1986 414 677 2762 1850 2435 2026 4049 56 1584 1138 2058 2281 2038 1073 4414 1933 911 2045 3749 1088 1796 4413 4317 3369 4836 4517 4445 3309 2066 4985 3894 1846 4129 660 2297 791 4696 2722 2599 3739 1925 1021 4422 3729 791 2297 660 4129 1846 3894 4985 2066 3309 4445 4517 4836 3369 2971 2171 3811 1923 3049 4501 4553 3141 4212 4239 3728 2716 2354 1579 1260 3073 4833 3869 3388 811 2322 3985 4267 2071 3456 4224 3983 1831 1997 2575 1442 2263 1464 438 3391 1455 1615 117 3341 2522 3336 762 1175 2868 606 1376 1533 291 979 1639 1806 1195 2933 411 1436 2110 346 1647 2449 76 2310 610 315 166 2388 2680 2936 4834 1490 491 3962 1802 4968 1130 2847 3941 334 2395 4210 679 161 1942 3016 1070 78 367 4028 4658 3271 3594 4613 2423 2879 4949 311 829 1698 2376 3099 2811 2046 3958 3090 2449 76 2695 2186 1578 558 1896 4502 3171 1742 912 4571 1217 3867 549 2749 4283 3776 3232 114 4907 2125 4702 3748 2980 3926 235 4013 1070 78 367 4075 1453 2589 2231 2561 1055 4406 791 4696 2722 2599 3739 1925 1959 3514 997 381 2554 2683 3156 1542 2043 3030 1915 2616 306 45 1705 3733 936 1463 1680 4365 3836 1997 2575 1442 2263 2183 625 1334 1769 3541 1714 2704 2384 1061 2433 1541 3705 4906 2654 3164 2730 2327 3583 3576 1809 1093 826 1398 1584 56 2406 4143 1011 4474 4452 1742 912 371 3915 1692 1638 3248 3734 3884 3830 3888 3163 3247 3467 4278 3864 38 2563 1292 818 2427 456 2984 2170 1617 2342 2843 3515 283 3379 2635 2148 1438 181 4867 3471 1870 415 587 4097 3236 1461 340 1238 2118 1758 4979 2260 1132 1714 3541 1769 1334 625 2183 2263 1442 2575 1997 1831 3983 4224 3456 2071 4267 3985 2322 811 2850 1488 1571 224 556 414 81 4632 2070 490 337 4406 791 4696 849 4434 3709 4304 4583 2984 2170 1617 2991 1713 1461 340 1238 2118 1758 4979 2260 1132 1714 3541 1769 1334 625 2183 2263 1442 2575 1997 1831 3983 4224 2392 2063 2635 2148 3622 3002 138 2290 2003 1096 1985 1909 629 1947 4475 2743 4756 1561 1417 1821 1204 3093 1036 73 2373 4579 1644 60 2328 4733 3462 2682 920 1553 1037 4030 4783 276 2224 1194 2793 1417 508 1068 4008 4525 4283 4175 3926 1756 4693 1107 3244 4000 3927 3530 1397 1795 3182 2569 4256 1784 1376 1335 310 3554 4062 654 3664 3500 4424 3053 1588 4439 4989 4083 4136 4436 4796 615 2358 221 2864 4569 1232 669 3533 1233 1007 3576 3450 4646 3030 3620 1787 2276 4154 381 3979 1415 3985 1436 2477 3222 490 2632 2032 4358 1140 331 354 3090 308 728 575 3901 2019 4550 2796 3829 4402 498 229 4408 4613 4309 4387 1057 3902 2752 3642 2657 4493 212 1938 700 4935 4684 2911 1826 4272 1845 1071 4933 4034 3231 2484 731 4966 4023 4238 2040 2841 1616 3992 1764 1410 1123 712 2455 1821 1926 3920 1685 2006 2564 4021 44 500 2619 564 1230 2868 4629 4626 2580 2750 2617 4235 2749 4748 4022 1426 4615 464 4203 1641 793 2306 881 4932 4280 3422 4269 353 3969 3961 3340 1030 3327 1941 3786 2068 4593 3457 1590 2186 4521 2072 3980 2008 92 4400 1809 2627 4099 2494 4027 2659 4042 847 1178 2592 1231 2680 2298 1514 623 165 3401 2723 184 387 3971 2237 1174 4215 1910 4794 3296 3223 3921 848 3602 1295 676 4676 4327 4247 319 3035 285 2184 2183 1054 4605 4947 1507 1447 173 2379 4194 1500 2127 3457 4593 2068 3786 4317 501 4363 2680 2298 1514 623 165 3401 2723 184 387 3971 2237 1174 4215 1019 1213 1265 4064 4087 3935 262 4536 4620 419 3557 3116 4512 1775 5 224 1126 1758 4676 676 1295 3602 4402 3829 2796 4550 2019 2705 3956 1859 3523 3761 4611 1558 958 933 3179 1252 1149 1524 439 4556 4343 3406 2352 836 625 538 3663 3923 523 463 1704 2333 2283 2311 3191 4437 3393 3649 2237 3971 1713 782 356 2114 1743 801 854 1109 1217 1024 34 3588 2282 3466 1320 3546 3654 1361 276 2224 1194 2793 1940 3600 1053 4283 4175 3124 2365 1529 1900 2383 5 224 2623 1289 680 2233 1212 2006 1685 3920 1149 1524 1708 1954 2261 4727 4637 3398 4150 2649 465 794 4935 4684 2911 1826 3168 1735 2094 1884 1967 4410 4220 2920 4056 335 4809 2072 3980 568 4634 4847 3244 1107 4693 430 4137 1534 4749 3351 4241 3336 3792 527 2411 1086 769 238 1640 1477 1563 3525 2837 862 3911 3224 524 1698 2146 4797 4492 1269 318 2221 1753 4357 27 4954 4043 1509 2102 817 4058 1909 4007 1552 4098 1519 3482 2512 2415 4635 996 323 3089 2932 2792 4781 906 3865 4456 4022 1426 4615 3029 1766 297 3949 1818 2748 2180 4567 2431 2898 700 4935 2546 3894 2186 1590 2291 2314 2746 1773 1971 2207 1328 4710 1539 4215 1019 1213 1265 4064 4087 3935 262 3519 3577 787 869 273 698 2752 3902 1057 4387 4309 4613 4408 2272 3687 2067 4383 811 4275 1384 1766 3029 4615 464 4203 1641 1243 1014 2976 2969 243 3741 2548 3351 1103 1289 680 1359 2287 1963 5000 4467 562 4737 2264 339 3828 1921 1771 4739 4029 969 2417 3720 4121 2102 4223 3959 636 2362 3834 951 1015 1804 
836


start: Kruskal spanning tree approach
 Time reqd for Kruskal spanning tree approach = 0.011863
869 273 698 2752 3902 1057 1862 345 2783 2595 1203 1936 2233 680 1359 2287 1963 5000 4467 562 4737 2264 339 3828 3798 3681 4813 3862 4039 2489 4254 1771 4739 4029 969 2417 3720 4121 2102 4223 3959 636 2362 3834 951 1015 1804 
836




