

start: Finding maximum spanning tree
 Time reqd for Finding maximum spanning tree = 0.067031


start: Naive Dijkstra's approach
 Time reqd for Naive Dijkstra's approach = 0.02816
316 4537 2693 1436 2110 346 1647 480 1311 1070 78 367 884 246 818 1653 829 1698 1765 725 1388 1689 1853 344 1732 2016 1830 1807 93 1854 582 1173 870 1789 1204 1821 1417 1510 463 156 1386 558 1896 173 875 859 607 609 1711 2038 
668


start: Dijkstra's Heap approach
 Time reqd for Dijkstra's Heap approach = 0.003037
316 4537 2693 1436 2110 2596 2726 4868 2960 4232 3558 61 4723 4919 2558 1716 3717 555 808 1986 414 677 2762 1850 2435 2026 4049 56 1584 1138 2058 2281 2038 
668


start: Kruskal spanning tree approach
 Time reqd for Kruskal spanning tree approach = 0.009646
316 4537 2693 1436 411 2933 1195 1806 1639 979 291 1533 1376 606 2868 1175 762 3336 2522 3341 117 1615 1455 3391 438 1464 2263 1442 2575 1997 1831 3983 4224 3456 2071 4267 3985 2322 4110 1709 2885 2565 4681 1711 2038 
668






start: Naive Dijkstra's approach
 Time reqd for Naive Dijkstra's approach = 0.129312
316 4537 2693 1436 2110 346 1647 480 1311 1070 78 367 884 246 818 1653 829 1698 1765 725 1388 1689 1853 344 1732 2016 1830 1807 93 1854 582 1173 870 1789 1204 1821 1417 1510 463 156 1386 558 1896 173 875 859 607 609 1711 2038 1073 4414 1933 911 2045 3749 1088 1796 4413 4317 3369 2971 2171 3811 1923 2061 3579 3002 3622 2148 2635 2063 2392 4224 3983 1831 1997 2575 1442 2263 1464 438 3391 1455 1615 117 3341 2522 3336 762 1175 2868 606 1376 1533 291 979 1639 1806 1195 3071 4684 3078 381 997 3514 1959 1925 1021 
595


start: Dijkstra's Heap approach
 Time reqd for Dijkstra's Heap approach = 0.005781
316 4537 2693 1436 2110 2596 2726 4868 2960 4232 3558 61 4723 4919 2558 1716 3717 555 808 1986 414 677 2762 1850 2435 2026 4049 56 1584 1138 2058 2281 2038 1073 4414 1933 911 2045 3749 1088 1796 4413 4317 3369 4836 4517 4445 3309 2066 4985 3894 1846 4129 660 2297 791 4696 2722 2599 3739 1925 1021 
595


start: Kruskal spanning tree approach
 Time reqd for Kruskal spanning tree approach = 0.007141
1073 4414 1933 911 2045 3749 1088 1796 4413 4317 3369 4836 4517 4445 3309 2066 4985 3894 1846 4129 660 2297 791 4696 2722 2599 3739 1925 1021 
595






start: Naive Dijkstra's approach
 Time reqd for Naive Dijkstra's approach = 0.016344
316 4537 2693 1436 2110 346 1647 480 1311 1070 78 367 884 246 818 1653 829 1698 1765 725 1388 1689 1853 344 1732 2016 1830 1807 93 1854 582 1173 870 1789 1204 1821 1417 1510 463 156 1386 558 1896 173 875 859 607 609 1711 2038 1073 4414 1933 911 2045 3749 1088 1796 4413 4317 3369 2971 2171 3811 1923 2061 3579 3002 3622 2148 2635 2063 2392 4224 3983 1831 1997 2575 1442 2263 1464 438 3391 1455 1615 117 3341 2522 3336 762 1175 2868 606 1376 1533 291 979 1639 1806 1195 3071 4684 3078 381 997 3514 1959 1925 1021 4422 3729 791 4696 2722 2599 3739 1925 1959 3514 997 381 3078 4684 3071 1195 1806 1639 979 291 1533 1376 606 2868 1175 762 3336 2522 3341 117 1615 1455 3391 438 1464 2263 1442 2575 1997 1831 3983 4224 3456 2071 4267 3985 2322 4110 317 2882 2392 2063 2635 2148 3622 3002 3579 2061 1923 3049 4501 4553 3141 4212 4239 3728 2716 2354 1579 1260 3073 4833 3869 3388 
867


start: Dijkstra's Heap approach
 Time reqd for Dijkstra's Heap approach = 0.00112
316 4537 2693 1436 2110 2596 2726 4868 2960 4232 3558 61 4723 4919 2558 1716 3717 555 808 1986 414 677 2762 1850 2435 2026 4049 56 1584 1138 2058 2281 2038 1073 4414 1933 911 2045 3749 1088 1796 4413 4317 3369 4836 4517 4445 3309 2066 4985 3894 1846 4129 660 2297 791 4696 2722 2599 3739 1925 1021 4422 3729 791 2297 660 4129 1846 3894 4985 2066 3309 4445 4517 4836 3369 2971 2171 3811 1923 3049 4501 4553 3141 4212 4239 3728 2716 2354 1579 1260 3073 4833 3869 3388 
867


start: Kruskal spanning tree approach
 Time reqd for Kruskal spanning tree approach = 0.012538
4422 3729 791 2297 660 4129 1846 3894 4985 2414 3435 979 291 1533 1376 606 2868 1175 762 3336 2522 3341 117 1615 1455 3391 438 1464 2263 1442 2575 1997 1831 3983 4224 3456 2071 4267 3985 2322 4110 317 2882 2392 2063 2635 2148 3622 3002 3579 2061 1923 3049 4501 4553 3141 4212 4239 3728 2716 2354 1579 1260 3073 4833 3869 3388 
867






start: Naive Dijkstra's approach
 Time reqd for Naive Dijkstra's approach = 0.083908
316 4537 2693 1436 2110 346 1647 480 1311 1070 78 367 884 246 818 1653 829 1698 1765 725 1388 1689 1853 344 1732 2016 1830 1807 93 1854 582 1173 870 1789 1204 1821 1417 1510 463 156 1386 558 1896 173 875 859 607 609 1711 2038 1073 4414 1933 911 2045 3749 1088 1796 4413 4317 3369 2971 2171 3811 1923 2061 3579 3002 3622 2148 2635 2063 2392 4224 3983 1831 1997 2575 1442 2263 1464 438 3391 1455 1615 117 3341 2522 3336 762 1175 2868 606 1376 1533 291 979 1639 1806 1195 3071 4684 3078 381 997 3514 1959 1925 1021 4422 3729 791 4696 2722 2599 3739 1925 1959 3514 997 381 3078 4684 3071 1195 1806 1639 979 291 1533 1376 606 2868 1175 762 3336 2522 3341 117 1615 1455 3391 438 1464 2263 1442 2575 1997 1831 3983 4224 3456 2071 4267 3985 2322 4110 317 2882 2392 2063 2635 2148 3622 3002 3579 2061 1923 3049 4501 4553 3141 4212 4239 3728 2716 2354 1579 1260 3073 4833 3869 3388 811 2322 3985 4267 2071 3456 4224 3983 1831 1997 2575 1442 2263 1464 438 3391 1455 1615 117 3341 2522 3336 762 1175 2868 606 1376 1533 291 979 1639 1806 1195 2933 411 1436 2110 346 1647 2449 76 2310 610 315 166 2388 2680 2936 4834 1490 491 
832


start: Dijkstra's Heap approach
 Time reqd for Dijkstra's Heap approach = 0.004093
316 4537 2693 1436 2110 2596 2726 4868 2960 4232 3558 61 4723 4919 2558 1716 3717 555 808 1986 414 677 2762 1850 2435 2026 4049 56 1584 1138 2058 2281 2038 1073 4414 1933 911 2045 3749 1088 1796 4413 4317 3369 4836 4517 4445 3309 2066 4985 3894 1846 4129 660 2297 791 4696 2722 2599 3739 1925 1021 4422 3729 791 2297 660 4129 1846 3894 4985 2066 3309 4445 4517 4836 3369 2971 2171 3811 1923 3049 4501 4553 3141 4212 4239 3728 2716 2354 1579 1260 3073 4833 3869 3388 811 2322 3985 4267 2071 3456 4224 3983 1831 1997 2575 1442 2263 1464 438 3391 1455 1615 117 3341 2522 3336 762 1175 2868 606 1376 1533 291 979 1639 1806 1195 2933 411 1436 2110 346 1647 2449 76 2310 610 315 166 2388 2680 2936 4834 1490 491 
832


start: Kruskal spanning tree approach
 Time reqd for Kruskal spanning tree approach = 0.011576
811 2322 3985 4267 2071 3456 4224 3983 1831 1997 2575 1442 2263 1464 438 3391 1455 1615 117 3341 2522 3336 762 1175 2868 606 1376 1533 291 979 1639 1806 1195 2933 411 1436 2110 346 1647 2449 76 2310 610 315 166 2388 2680 2936 4834 1490 491 
832






start: Naive Dijkstra's approach
 Time reqd for Naive Dijkstra's approach = 0.011587
316 4537 2693 1436 2110 346 1647 480 1311 1070 78 367 884 246 818 1653 829 1698 1765 725 1388 1689 1853 344 1732 2016 1830 1807 93 1854 582 1173 870 1789 1204 1821 1417 1510 463 156 1386 558 1896 173 875 859 607 609 1711 2038 1073 4414 1933 911 2045 3749 1088 1796 4413 4317 3369 2971 2171 3811 1923 2061 3579 3002 3622 2148 2635 2063 2392 4224 3983 1831 1997 2575 1442 2263 1464 438 3391 1455 1615 117 3341 2522 3336 762 1175 2868 606 1376 1533 291 979 1639 1806 1195 3071 4684 3078 381 997 3514 1959 1925 1021 4422 3729 791 4696 2722 2599 3739 1925 1959 3514 997 381 3078 4684 3071 1195 1806 1639 979 291 1533 1376 606 2868 1175 762 3336 2522 3341 117 1615 1455 3391 438 1464 2263 1442 2575 1997 1831 3983 4224 3456 2071 4267 3985 2322 4110 317 2882 2392 2063 2635 2148 3622 3002 3579 2061 1923 3049 4501 4553 3141 4212 4239 3728 2716 2354 1579 1260 3073 4833 3869 3388 811 2322 3985 4267 2071 3456 4224 3983 1831 1997 2575 1442 2263 1464 438 3391 1455 1615 117 3341 2522 3336 762 1175 2868 606 1376 1533 291 979 1639 1806 1195 2933 411 1436 2110 346 1647 2449 76 2310 610 315 166 2388 2680 2936 4834 1490 491 3962 1802 4968 1130 2847 3521 1051 1221 393 3535 3332 46 1796 1088 3749 3939 1389 1488 1571 224 556 414 2413 3291 3385 2109 1043 1270 2864 1246 2567 3511 1014 137 2290 2003 1096 4 1089 862 1217 1628 1828 1875 689 2973 1614 1292 818 2427 670 2766 905 2265 1267 2360 2690 2932 2639 245 711 89 2296 541 209 600 204 1370 226 1765 1698 2376 612 2815 979 1639 1806 1195 2933 411 1436 2110 346 1647 2449 76 
809


start: Dijkstra's Heap approach
 Time reqd for Dijkstra's Heap approach = 0.000902
316 4537 2693 1436 2110 2596 2726 4868 2960 4232 3558 61 4723 4919 2558 1716 3717 555 808 1986 414 677 2762 1850 2435 2026 4049 56 1584 1138 2058 2281 2038 1073 4414 1933 911 2045 3749 1088 1796 4413 4317 3369 4836 4517 4445 3309 2066 4985 3894 1846 4129 660 2297 791 4696 2722 2599 3739 1925 1021 4422 3729 791 2297 660 4129 1846 3894 4985 2066 3309 4445 4517 4836 3369 2971 2171 3811 1923 3049 4501 4553 3141 4212 4239 3728 2716 2354 1579 1260 3073 4833 3869 3388 811 2322 3985 4267 2071 3456 4224 3983 1831 1997 2575 1442 2263 1464 438 3391 1455 1615 117 3341 2522 3336 762 1175 2868 606 1376 1533 291 979 1639 1806 1195 2933 411 1436 2110 346 1647 2449 76 2310 610 315 166 2388 2680 2936 4834 1490 491 3962 1802 4968 1130 2847 3941 334 2395 4210 679 161 1942 3016 1070 78 367 4028 4658 3271 3594 4613 2423 2879 4949 311 829 1698 2376 3099 2811 2046 3958 3090 2449 76 
809


start: Kruskal spanning tree approach
 Time reqd for Kruskal spanning tree approach = 0.008627
3962 1802 4968 1130 2847 3941 765 407 1146 1776 1090 3024 4076 4632 2070 490 337 4406 791 2297 660 4129 1846 3894 4985 2414 3435 979 1639 1806 1195 2933 411 1436 2110 346 1647 2449 76 
809






start: Naive Dijkstra's approach
 Time reqd for Naive Dijkstra's approach = 0.093302
316 4537 2693 1436 2110 346 1647 480 1311 1070 78 367 884 246 818 1653 829 1698 1765 725 1388 1689 1853 344 1732 2016 1830 1807 93 1854 582 1173 870 1789 1204 1821 1417 1510 463 156 1386 558 1896 173 875 859 607 609 1711 2038 1073 4414 1933 911 2045 3749 1088 1796 4413 4317 3369 2971 2171 3811 1923 2061 3579 3002 3622 2148 2635 2063 2392 4224 3983 1831 1997 2575 1442 2263 1464 438 3391 1455 1615 117 3341 2522 3336 762 1175 2868 606 1376 1533 291 979 1639 1806 1195 3071 4684 3078 381 997 3514 1959 1925 1021 4422 3729 791 4696 2722 2599 3739 1925 1959 3514 997 381 3078 4684 3071 1195 1806 1639 979 291 1533 1376 606 2868 1175 762 3336 2522 3341 117 1615 1455 3391 438 1464 2263 1442 2575 1997 1831 3983 4224 3456 2071 4267 3985 2322 4110 317 2882 2392 2063 2635 2148 3622 3002 3579 2061 1923 3049 4501 4553 3141 4212 4239 3728 2716 2354 1579 1260 3073 4833 3869 3388 811 2322 3985 4267 2071 3456 4224 3983 1831 1997 2575 1442 2263 1464 438 3391 1455 1615 117 3341 2522 3336 762 1175 2868 606 1376 1533 291 979 1639 1806 1195 2933 411 1436 2110 346 1647 2449 76 2310 610 315 166 2388 2680 2936 4834 1490 491 3962 1802 4968 1130 2847 3521 1051 1221 393 3535 3332 46 1796 1088 3749 3939 1389 1488 1571 224 556 414 2413 3291 3385 2109 1043 1270 2864 1246 2567 3511 1014 137 2290 2003 1096 4 1089 862 1217 1628 1828 1875 689 2973 1614 1292 818 2427 670 2766 905 2265 1267 2360 2690 2932 2639 245 711 89 2296 541 209 600 204 1370 226 1765 1698 2376 612 2815 979 1639 1806 1195 2933 411 1436 2110 346 1647 2449 76 2695 2186 1578 558 1896 723 3194 2347 878 2513 2624 2217 190 2426 1247 989 341 1503 130 1813 1036 2334 2466 2104 1899 1493 1290 797 2108 730 935 420 335 388 748 532 1995 1618 95 606 1376 1533 291 979 1639 1806 1195 1842 304 1901 87 416 1070 2343 1260 1579 2354 2716 2043 3030 1915 2616 306 45 1705 3733 936 1463 1680 4365 
780


start: Dijkstra's Heap approach
 Time reqd for Dijkstra's Heap approach = 0.002724
316 4537 2693 1436 2110 2596 2726 4868 2960 4232 3558 61 4723 4919 2558 1716 3717 555 808 1986 414 677 2762 1850 2435 2026 4049 56 1584 1138 2058 2281 2038 1073 4414 1933 911 2045 3749 1088 1796 4413 4317 3369 4836 4517 4445 3309 2066 4985 3894 1846 4129 660 2297 791 4696 2722 2599 3739 1925 1021 4422 3729 791 2297 660 4129 1846 3894 4985 2066 3309 4445 4517 4836 3369 2971 2171 3811 1923 3049 4501 4553 3141 4212 4239 3728 2716 2354 1579 1260 3073 4833 3869 3388 811 2322 3985 4267 2071 3456 4224 3983 1831 1997 2575 1442 2263 1464 438 3391 1455 1615 117 3341 2522 3336 762 1175 2868 606 1376 1533 291 979 1639 1806 1195 2933 411 1436 2110 346 1647 2449 76 2310 610 315 166 2388 2680 2936 4834 1490 491 3962 1802 4968 1130 2847 3941 334 2395 4210 679 161 1942 3016 1070 78 367 4028 4658 3271 3594 4613 2423 2879 4949 311 829 1698 2376 3099 2811 2046 3958 3090 2449 76 2695 2186 1578 558 1896 4502 3171 1742 912 4571 1217 3867 549 2749 4283 3776 3232 114 4907 2125 4702 3748 2980 3926 235 4013 1070 78 367 4075 1453 2589 2231 2561 1055 4406 791 4696 2722 2599 3739 1925 1959 3514 997 381 2554 2683 3156 1542 2043 3030 1915 2616 306 45 1705 3733 936 1463 1680 4365 
780


start: Kruskal spanning tree approach
 Time reqd for Kruskal spanning tree approach = 0.014617
2695 2186 1578 558 1896 4502 3171 1742 4452 4474 3516 4173 3039 396 1712 511 802 4918 2776 2070 490 337 4406 791 2297 660 4129 1846 3894 4985 2414 3435 979 291 1533 1376 606 2868 1175 762 3336 2522 3341 117 1615 1455 3391 438 1464 2263 1442 2575 1997 1831 3983 4224 3456 2071 4267 3985 2322 4110 317 2882 2392 2063 2635 2148 3622 3002 138 2290 137 1014 499 577 4872 2026 4049 56 4006 3692 3578 1820 197 3973 3051 4672 3706 3282 2268 4365 
780






start: Naive Dijkstra's approach
 Time reqd for Naive Dijkstra's approach = 0.127746
316 4537 2693 1436 2110 346 1647 480 1311 1070 78 367 884 246 818 1653 829 1698 1765 725 1388 1689 1853 344 1732 2016 1830 1807 93 1854 582 1173 870 1789 1204 1821 1417 1510 463 156 1386 558 1896 173 875 859 607 609 1711 2038 1073 4414 1933 911 2045 3749 1088 1796 4413 4317 3369 2971 2171 3811 1923 2061 3579 3002 3622 2148 2635 2063 2392 4224 3983 1831 1997 2575 1442 2263 1464 438 3391 1455 1615 117 3341 2522 3336 762 1175 2868 606 1376 1533 291 979 1639 1806 1195 3071 4684 3078 381 997 3514 1959 1925 1021 4422 3729 791 4696 2722 2599 3739 1925 1959 3514 997 381 3078 4684 3071 1195 1806 1639 979 291 1533 1376 606 2868 1175 762 3336 2522 3341 117 1615 1455 3391 438 1464 2263 1442 2575 1997 1831 3983 4224 3456 2071 4267 3985 2322 4110 317 2882 2392 2063 2635 2148 3622 3002 3579 2061 1923 3049 4501 4553 3141 4212 4239 3728 2716 2354 1579 1260 3073 4833 3869 3388 811 2322 3985 4267 2071 3456 4224 3983 1831 1997 2575 1442 2263 1464 438 3391 1455 1615 117 3341 2522 3336 762 1175 2868 606 1376 1533 291 979 1639 1806 1195 2933 411 1436 2110 346 1647 2449 76 2310 610 315 166 2388 2680 2936 4834 1490 491 3962 1802 4968 1130 2847 3521 1051 1221 393 3535 3332 46 1796 1088 3749 3939 1389 1488 1571 224 556 414 2413 3291 3385 2109 1043 1270 2864 1246 2567 3511 1014 137 2290 2003 1096 4 1089 862 1217 1628 1828 1875 689 2973 1614 1292 818 2427 670 2766 905 2265 1267 2360 2690 2932 2639 245 711 89 2296 541 209 600 204 1370 226 1765 1698 2376 612 2815 979 1639 1806 1195 2933 411 1436 2110 346 1647 2449 76 2695 2186 1578 558 1896 723 3194 2347 878 2513 2624 2217 190 2426 1247 989 341 1503 130 1813 1036 2334 2466 2104 1899 1493 1290 797 2108 730 935 420 335 388 748 532 1995 1618 95 606 1376 1533 291 979 1639 1806 1195 1842 304 1901 87 416 1070 2343 1260 1579 2354 2716 2043 3030 1915 2616 306 45 1705 3733 936 1463 1680 4365 3836 1997 2575 1442 2263 2183 625 1334 1769 3541 1714 2704 2384 1061 2433 1541 3705 4906 2654 3164 2730 2327 3583 3576 
744


start: Dijkstra's Heap approach
 Time reqd for Dijkstra's Heap approach = 0.005619
316 4537 2693 1436 2110 2596 2726 4868 2960 4232 3558 61 4723 4919 2558 1716 3717 555 808 1986 414 677 2762 1850 2435 2026 4049 56 1584 1138 2058 2281 2038 1073 4414 1933 911 2045 3749 1088 1796 4413 4317 3369 4836 4517 4445 3309 2066 4985 3894 1846 4129 660 2297 791 4696 2722 2599 3739 1925 1021 4422 3729 791 2297 660 4129 1846 3894 4985 2066 3309 4445 4517 4836 3369 2971 2171 3811 1923 3049 4501 4553 3141 4212 4239 3728 2716 2354 1579 1260 3073 4833 3869 3388 811 2322 3985 4267 2071 3456 4224 3983 1831 1997 2575 1442 2263 1464 438 3391 1455 1615 117 3341 2522 3336 762 1175 2868 606 1376 1533 291 979 1639 1806 1195 2933 411 1436 2110 346 1647 2449 76 2310 610 315 166 2388 2680 2936 4834 1490 491 3962 1802 4968 1130 2847 3941 334 2395 4210 679 161 1942 3016 1070 78 367 4028 4658 3271 3594 4613 2423 2879 4949 311 829 1698 2376 3099 2811 2046 3958 3090 2449 76 2695 2186 1578 558 1896 4502 3171 1742 912 4571 1217 3867 549 2749 4283 3776 3232 114 4907 2125 4702 3748 2980 3926 235 4013 1070 78 367 4075 1453 2589 2231 2561 1055 4406 791 4696 2722 2599 3739 1925 1959 3514 997 381 2554 2683 3156 1542 2043 3030 1915 2616 306 45 1705 3733 936 1463 1680 4365 3836 1997 2575 1442 2263 2183 625 1334 1769 3541 1714 2704 2384 1061 2433 1541 3705 4906 2654 3164 2730 2327 3583 3576 
744


start: Kruskal spanning tree approach
 Time reqd for Kruskal spanning tree approach = 0.007796
3836 1997 2575 1442 2263 2183 625 1334 1769 3541 1714 2704 2384 1061 2433 1541 3705 4906 2654 3164 2730 2327 3583 3576 
744






start: Naive Dijkstra's approach
 Time reqd for Naive Dijkstra's approach = 0.025994
316 4537 2693 1436 2110 346 1647 480 1311 1070 78 367 884 246 818 1653 829 1698 1765 725 1388 1689 1853 344 1732 2016 1830 1807 93 1854 582 1173 870 1789 1204 1821 1417 1510 463 156 1386 558 1896 173 875 859 607 609 1711 2038 1073 4414 1933 911 2045 3749 1088 1796 4413 4317 3369 2971 2171 3811 1923 2061 3579 3002 3622 2148 2635 2063 2392 4224 3983 1831 1997 2575 1442 2263 1464 438 3391 1455 1615 117 3341 2522 3336 762 1175 2868 606 1376 1533 291 979 1639 1806 1195 3071 4684 3078 381 997 3514 1959 1925 1021 4422 3729 791 4696 2722 2599 3739 1925 1959 3514 997 381 3078 4684 3071 1195 1806 1639 979 291 1533 1376 606 2868 1175 762 3336 2522 3341 117 1615 1455 3391 438 1464 2263 1442 2575 1997 1831 3983 4224 3456 2071 4267 3985 2322 4110 317 2882 2392 2063 2635 2148 3622 3002 3579 2061 1923 3049 4501 4553 3141 4212 4239 3728 2716 2354 1579 1260 3073 4833 3869 3388 811 2322 3985 4267 2071 3456 4224 3983 1831 1997 2575 1442 2263 1464 438 3391 1455 1615 117 3341 2522 3336 762 1175 2868 606 1376 1533 291 979 1639 1806 1195 2933 411 1436 2110 346 1647 2449 76 2310 610 315 166 2388 2680 2936 4834 1490 491 3962 1802 4968 1130 2847 3521 1051 1221 393 3535 3332 46 1796 1088 3749 3939 1389 1488 1571 224 556 414 2413 3291 3385 2109 1043 1270 2864 1246 2567 3511 1014 137 2290 2003 1096 4 1089 862 1217 1628 1828 1875 689 2973 1614 1292 818 2427 670 2766 905 2265 1267 2360 2690 2932 2639 245 711 89 2296 541 209 600 204 1370 226 1765 1698 2376 612 2815 979 1639 1806 1195 2933 411 1436 2110 346 1647 2449 76 2695 2186 1578 558 1896 723 3194 2347 878 2513 2624 2217 190 2426 1247 989 341 1503 130 1813 1036 2334 2466 2104 1899 1493 1290 797 2108 730 935 420 335 388 748 532 1995 1618 95 606 1376 1533 291 979 1639 1806 1195 1842 304 1901 87 416 1070 2343 1260 1579 2354 2716 2043 3030 1915 2616 306 45 1705 3733 936 1463 1680 4365 3836 1997 2575 1442 2263 2183 625 1334 1769 3541 1714 2704 2384 1061 2433 1541 3705 4906 2654 3164 2730 2327 3583 3576 1809 1093 826 1398 1584 56 4006 3692 3578 1820 197 3804 2665 3212 542 2350 1979 3273 37 466 2205 1417 1821 1204 3093 1036 73 2373 2330 870 2913 2003 2290 137 1014 3511 2567 1246 2864 1270 1043 2109 3385 2566 2656 895 1363 1646 2399 2237 2464 1791 229 415 587 
807


start: Dijkstra's Heap approach
 Time reqd for Dijkstra's Heap approach = 0.003081
316 4537 2693 1436 2110 2596 2726 4868 2960 4232 3558 61 4723 4919 2558 1716 3717 555 808 1986 414 677 2762 1850 2435 2026 4049 56 1584 1138 2058 2281 2038 1073 4414 1933 911 2045 3749 1088 1796 4413 4317 3369 4836 4517 4445 3309 2066 4985 3894 1846 4129 660 2297 791 4696 2722 2599 3739 1925 1021 4422 3729 791 2297 660 4129 1846 3894 4985 2066 3309 4445 4517 4836 3369 2971 2171 3811 1923 3049 4501 4553 3141 4212 4239 3728 2716 2354 1579 1260 3073 4833 3869 3388 811 2322 3985 4267 2071 3456 4224 3983 1831 1997 2575 1442 2263 1464 438 3391 1455 1615 117 3341 2522 3336 762 1175 2868 606 1376 1533 291 979 1639 1806 1195 2933 411 1436 2110 346 1647 2449 76 2310 610 315 166 2388 2680 2936 4834 1490 491 3962 1802 4968 1130 2847 3941 334 2395 4210 679 161 1942 3016 1070 78 367 4028 4658 3271 3594 4613 2423 2879 4949 311 829 1698 2376 3099 2811 2046 3958 3090 2449 76 2695 2186 1578 558 1896 4502 3171 1742 912 4571 1217 3867 549 2749 4283 3776 3232 114 4907 2125 4702 3748 2980 3926 235 4013 1070 78 367 4075 1453 2589 2231 2561 1055 4406 791 4696 2722 2599 3739 1925 1959 3514 997 381 2554 2683 3156 1542 2043 3030 1915 2616 306 45 1705 3733 936 1463 1680 4365 3836 1997 2575 1442 2263 2183 625 1334 1769 3541 1714 2704 2384 1061 2433 1541 3705 4906 2654 3164 2730 2327 3583 3576 1809 1093 826 1398 1584 56 2406 4143 1011 4474 4452 1742 912 371 3915 1692 1638 3248 3734 3884 3830 3888 3163 3247 3467 4278 3864 38 2563 1292 818 2427 456 2984 2170 1617 2342 2843 3515 283 3379 2635 2148 1438 181 4867 3471 1870 415 587 
807


start: Kruskal spanning tree approach
 Time reqd for Kruskal spanning tree approach = 0.011389
1809 1093 826 1398 1584 56 4049 2026 4872 577 499 1014 137 2290 138 3002 3622 2148 2635 2063 2392 2882 317 4110 2322 3985 4267 2071 3456 4224 3983 1831 1997 2575 1442 2263 1464 438 3391 1455 1615 117 3341 2522 3336 762 1175 2868 606 1376 1533 291 979 3435 2414 4985 3894 1846 4129 660 2297 791 4696 849 4434 3709 4304 4583 2984 456 2427 4281 2970 34 1808 3757 2993 1297 3323 587 
807






start: Naive Dijkstra's approach
 Time reqd for Naive Dijkstra's approach = 0.064332
316 4537 2693 1436 2110 346 1647 480 1311 1070 78 367 884 246 818 1653 829 1698 1765 725 1388 1689 1853 344 1732 2016 1830 1807 93 1854 582 1173 870 1789 1204 1821 1417 1510 463 156 1386 558 1896 173 875 859 607 609 1711 2038 1073 4414 1933 911 2045 3749 1088 1796 4413 4317 3369 2971 2171 3811 1923 2061 3579 3002 3622 2148 2635 2063 2392 4224 3983 1831 1997 2575 1442 2263 1464 438 3391 1455 1615 117 3341 2522 3336 762 1175 2868 606 1376 1533 291 979 1639 1806 1195 3071 4684 3078 381 997 3514 1959 1925 1021 4422 3729 791 4696 2722 2599 3739 1925 1959 3514 997 381 3078 4684 3071 1195 1806 1639 979 291 1533 1376 606 2868 1175 762 3336 2522 3341 117 1615 1455 3391 438 1464 2263 1442 2575 1997 1831 3983 4224 3456 2071 4267 3985 2322 4110 317 2882 2392 2063 2635 2148 3622 3002 3579 2061 1923 3049 4501 4553 3141 4212 4239 3728 2716 2354 1579 1260 3073 4833 3869 3388 811 2322 3985 4267 2071 3456 4224 3983 1831 1997 2575 1442 2263 1464 438 3391 1455 1615 117 3341 2522 3336 762 1175 2868 606 1376 1533 291 979 1639 1806 1195 2933 411 1436 2110 346 1647 2449 76 2310 610 315 166 2388 2680 2936 4834 1490 491 3962 1802 4968 1130 2847 3521 1051 1221 393 3535 3332 46 1796 1088 3749 3939 1389 1488 1571 224 556 414 2413 3291 3385 2109 1043 1270 2864 1246 2567 3511 1014 137 2290 2003 1096 4 1089 862 1217 1628 1828 1875 689 2973 1614 1292 818 2427 670 2766 905 2265 1267 2360 2690 2932 2639 245 711 89 2296 541 209 600 204 1370 226 1765 1698 2376 612 2815 979 1639 1806 1195 2933 411 1436 2110 346 1647 2449 76 2695 2186 1578 558 1896 723 3194 2347 878 2513 2624 2217 190 2426 1247 989 341 1503 130 1813 1036 2334 2466 2104 1899 1493 1290 797 2108 730 935 420 335 388 748 532 1995 1618 95 606 1376 1533 291 979 1639 1806 1195 1842 304 1901 87 416 1070 2343 1260 1579 2354 2716 2043 3030 1915 2616 306 45 1705 3733 936 1463 1680 4365 3836 1997 2575 1442 2263 2183 625 1334 1769 3541 1714 2704 2384 1061 2433 1541 3705 4906 2654 3164 2730 2327 3583 3576 1809 1093 826 1398 1584 56 4006 3692 3578 1820 197 3804 2665 3212 542 2350 1979 3273 37 466 2205 1417 1821 1204 3093 1036 73 2373 2330 870 2913 2003 2290 137 1014 3511 2567 1246 2864 1270 1043 2109 3385 2566 2656 895 1363 1646 2399 2237 2464 1791 229 415 587 4097 3236 1461 340 1238 2118 1758 4979 2260 1132 1714 3541 1769 1334 625 2183 2263 1442 2575 1997 1831 3983 4224 3456 2071 4267 3985 2322 811 2850 1488 1571 224 556 414 81 
840


start: Dijkstra's Heap approach
 Time reqd for Dijkstra's Heap approach = 0.003371
316 4537 2693 1436 2110 2596 2726 4868 2960 4232 3558 61 4723 4919 2558 1716 3717 555 808 1986 414 677 2762 1850 2435 2026 4049 56 1584 1138 2058 2281 2038 1073 4414 1933 911 2045 3749 1088 1796 4413 4317 3369 4836 4517 4445 3309 2066 4985 3894 1846 4129 660 2297 791 4696 2722 2599 3739 1925 1021 4422 3729 791 2297 660 4129 1846 3894 4985 2066 3309 4445 4517 4836 3369 2971 2171 3811 1923 3049 4501 4553 3141 4212 4239 3728 2716 2354 1579 1260 3073 4833 3869 3388 811 2322 3985 4267 2071 3456 4224 3983 1831 1997 2575 1442 2263 1464 438 3391 1455 1615 117 3341 2522 3336 762 1175 2868 606 1376 1533 291 979 1639 1806 1195 2933 411 1436 2110 346 1647 2449 76 2310 610 315 166 2388 2680 2936 4834 1490 491 3962 1802 4968 1130 2847 3941 334 2395 4210 679 161 1942 3016 1070 78 367 4028 4658 3271 3594 4613 2423 2879 4949 311 829 1698 2376 3099 2811 2046 3958 3090 2449 76 2695 2186 1578 558 1896 4502 3171 1742 912 4571 1217 3867 549 2749 4283 3776 3232 114 4907 2125 4702 3748 2980 3926 235 4013 1070 78 367 4075 1453 2589 2231 2561 1055 4406 791 4696 2722 2599 3739 1925 1959 3514 997 381 2554 2683 3156 1542 2043 3030 1915 2616 306 45 1705 3733 936 1463 1680 4365 3836 1997 2575 1442 2263 2183 625 1334 1769 3541 1714 2704 2384 1061 2433 1541 3705 4906 2654 3164 2730 2327 3583 3576 1809 1093 826 1398 1584 56 2406 4143 1011 4474 4452 1742 912 371 3915 1692 1638 3248 3734 3884 3830 3888 3163 3247 3467 4278 3864 38 2563 1292 818 2427 456 2984 2170 1617 2342 2843 3515 283 3379 2635 2148 1438 181 4867 3471 1870 415 587 4097 3236 1461 340 1238 2118 1758 4979 2260 1132 1714 3541 1769 1334 625 2183 2263 1442 2575 1997 1831 3983 4224 3456 2071 4267 3985 2322 811 2850 1488 1571 224 556 414 81 
840


start: Kruskal spanning tree approach
 Time reqd for Kruskal spanning tree approach = 0.007895
4097 3236 1461 340 1238 2118 1758 4979 2260 1132 1714 3541 1769 1334 625 2183 2263 1442 2575 1997 1831 3983 4224 3456 2071 4267 3985 2322 811 2850 1488 1571 224 556 414 81 
840






start: Naive Dijkstra's approach
 Time reqd for Naive Dijkstra's approach = 0.041324
316 4537 2693 1436 2110 346 1647 480 1311 1070 78 367 884 246 818 1653 829 1698 1765 725 1388 1689 1853 344 1732 2016 1830 1807 93 1854 582 1173 870 1789 1204 1821 1417 1510 463 156 1386 558 1896 173 875 859 607 609 1711 2038 1073 4414 1933 911 2045 3749 1088 1796 4413 4317 3369 2971 2171 3811 1923 2061 3579 3002 3622 2148 2635 2063 2392 4224 3983 1831 1997 2575 1442 2263 1464 438 3391 1455 1615 117 3341 2522 3336 762 1175 2868 606 1376 1533 291 979 1639 1806 1195 3071 4684 3078 381 997 3514 1959 1925 1021 4422 3729 791 4696 2722 2599 3739 1925 1959 3514 997 381 3078 4684 3071 1195 1806 1639 979 291 1533 1376 606 2868 1175 762 3336 2522 3341 117 1615 1455 3391 438 1464 2263 1442 2575 1997 1831 3983 4224 3456 2071 4267 3985 2322 4110 317 2882 2392 2063 2635 2148 3622 3002 3579 2061 1923 3049 4501 4553 3141 4212 4239 3728 2716 2354 1579 1260 3073 4833 3869 3388 811 2322 3985 4267 2071 3456 4224 3983 1831 1997 2575 1442 2263 1464 438 3391 1455 1615 117 3341 2522 3336 762 1175 2868 606 1376 1533 291 979 1639 1806 1195 2933 411 1436 2110 346 1647 2449 76 2310 610 315 166 2388 2680 2936 4834 1490 491 3962 1802 4968 1130 2847 3521 1051 1221 393 3535 3332 46 1796 1088 3749 3939 1389 1488 1571 224 556 414 2413 3291 3385 2109 1043 1270 2864 1246 2567 3511 1014 137 2290 2003 1096 4 1089 862 1217 1628 1828 1875 689 2973 1614 1292 818 2427 670 2766 905 2265 1267 2360 2690 2932 2639 245 711 89 2296 541 209 600 204 1370 226 1765 1698 2376 612 2815 979 1639 1806 1195 2933 411 1436 2110 346 1647 2449 76 2695 2186 1578 558 1896 723 3194 2347 878 2513 2624 2217 190 2426 1247 989 341 1503 130 1813 1036 2334 2466 2104 1899 1493 1290 797 2108 730 935 420 335 388 748 532 1995 1618 95 606 1376 1533 291 979 1639 1806 1195 1842 304 1901 87 416 1070 2343 1260 1579 2354 2716 2043 3030 1915 2616 306 45 1705 3733 936 1463 1680 4365 3836 1997 2575 1442 2263 2183 625 1334 1769 3541 1714 2704 2384 1061 2433 1541 3705 4906 2654 3164 2730 2327 3583 3576 1809 1093 826 1398 1584 56 4006 3692 3578 1820 197 3804 2665 3212 542 2350 1979 3273 37 466 2205 1417 1821 1204 3093 1036 73 2373 2330 870 2913 2003 2290 137 1014 3511 2567 1246 2864 1270 1043 2109 3385 2566 2656 895 1363 1646 2399 2237 2464 1791 229 415 587 4097 3236 1461 340 1238 2118 1758 4979 2260 1132 1714 3541 1769 1334 625 2183 2263 1442 2575 1997 1831 3983 4224 3456 2071 4267 3985 2322 811 2850 1488 1571 224 556 414 81 4632 2070 490 337 4406 791 4696 2722 2599 3739 3611 243 1274 1401 4749 3065 4284 1204 3093 1036 73 2373 
852


start: Dijkstra's Heap approach
 Time reqd for Dijkstra's Heap approach = 0.002236
316 4537 2693 1436 2110 2596 2726 4868 2960 4232 3558 61 4723 4919 2558 1716 3717 555 808 1986 414 677 2762 1850 2435 2026 4049 56 1584 1138 2058 2281 2038 1073 4414 1933 911 2045 3749 1088 1796 4413 4317 3369 4836 4517 4445 3309 2066 4985 3894 1846 4129 660 2297 791 4696 2722 2599 3739 1925 1021 4422 3729 791 2297 660 4129 1846 3894 4985 2066 3309 4445 4517 4836 3369 2971 2171 3811 1923 3049 4501 4553 3141 4212 4239 3728 2716 2354 1579 1260 3073 4833 3869 3388 811 2322 3985 4267 2071 3456 4224 3983 1831 1997 2575 1442 2263 1464 438 3391 1455 1615 117 3341 2522 3336 762 1175 2868 606 1376 1533 291 979 1639 1806 1195 2933 411 1436 2110 346 1647 2449 76 2310 610 315 166 2388 2680 2936 4834 1490 491 3962 1802 4968 1130 2847 3941 334 2395 4210 679 161 1942 3016 1070 78 367 4028 4658 3271 3594 4613 2423 2879 4949 311 829 1698 2376 3099 2811 2046 3958 3090 2449 76 2695 2186 1578 558 1896 4502 3171 1742 912 4571 1217 3867 549 2749 4283 3776 3232 114 4907 2125 4702 3748 2980 3926 235 4013 1070 78 367 4075 1453 2589 2231 2561 1055 4406 791 4696 2722 2599 3739 1925 1959 3514 997 381 2554 2683 3156 1542 2043 3030 1915 2616 306 45 1705 3733 936 1463 1680 4365 3836 1997 2575 1442 2263 2183 625 1334 1769 3541 1714 2704 2384 1061 2433 1541 3705 4906 2654 3164 2730 2327 3583 3576 1809 1093 826 1398 1584 56 2406 4143 1011 4474 4452 1742 912 371 3915 1692 1638 3248 3734 3884 3830 3888 3163 3247 3467 4278 3864 38 2563 1292 818 2427 456 2984 2170 1617 2342 2843 3515 283 3379 2635 2148 1438 181 4867 3471 1870 415 587 4097 3236 1461 340 1238 2118 1758 4979 2260 1132 1714 3541 1769 1334 625 2183 2263 1442 2575 1997 1831 3983 4224 3456 2071 4267 3985 2322 811 2850 1488 1571 224 556 414 81 4632 2070 490 337 4406 791 4696 849 4434 3709 4304 4583 2984 2170 1617 2991 1713 1461 340 1238 2118 1758 4979 2260 1132 1714 3541 1769 1334 625 2183 2263 1442 2575 1997 1831 3983 4224 2392 2063 2635 2148 3622 3002 138 2290 2003 1096 1985 1909 629 1947 4475 2743 4756 1561 1417 1821 1204 3093 1036 73 2373 
852


start: Kruskal spanning tree approach
 Time reqd for Kruskal spanning tree approach = 0.00787
4632 2070 490 337 4406 791 4696 2722 2599 3739 3611 243 1274 1401 4749 3065 4284 1204 3093 1036 73 2373 
852




